2.487497014945812268e-02
1.090586843115560090e+00
1.581075886662086649e+00
1.216826004928417415e+00
1.335913494731603146e+00
1.215547467885392363e+00
1.222648108943124923e+00
1.040391627322422075e+00
1.364824201283829863e+00
1.569100832671261880e+00
1.298632116799943947e+00
1.331198630707987274e+00
1.256764077068714514e+00
1.163828532347518374e+00
1.296067595481872559e+00
9.848478972242119545e-01
6.892352539501832576e-01
9.858437615833924861e-01
1.447152121683185078e+00
1.006973399874869335e+00
1.265554578116770523e+00
1.078689003258608725e+00
1.012569946519444430e+00
1.270454757668998846e+00
1.346491184127464713e+00
1.559190026829751607e+00
1.475244788641340232e+00
1.319268024369572023e+00
1.580756278520219826e+00
1.361413588684596387e+00
1.487766900759064814e+00
1.000382888852880292e+00
1.367446265863568655e+00
1.395859011103598002e+00
1.699191878350932994e+00
1.587938319431262180e+00
1.594558300596944367e+00
1.391857814253046222e+00
1.355165624886416342e+00
1.280234544464711410e+00
1.525023021055071482e+00
1.419905998733606234e+00
1.407040870591495851e+00
1.735901407981186750e+00
1.289579099483704194e+00
1.108412567819102357e+00
1.397247023796767351e+00
1.141461108507735078e+00
1.515405610706029416e+00
1.719207281476995863e+00
1.244994472921564288e+00
1.359710125440961814e+00
1.498178912012764652e+00
1.555169619870989450e+00
1.855722703290789255e+00
1.509992532515793684e+00
1.339386366726307287e+00
1.478869245293435108e+00
1.551773975404460826e+00
1.651717961504218346e+00
1.523766490850555710e+00
1.332799594054061343e+00
1.206697561767663851e+00
1.051242154635740222e+00
1.636979017364844857e+00
1.538131516970945301e+00
1.805498946918530301e+00
1.636034645391314157e+00
1.799677325098702152e+00
1.734632259004571520e+00
1.479662445154082961e+00
1.404652299505940949e+00
8.184217187795745918e-01
1.614708948671148114e+00
1.503235412447640140e+00
1.457410173469714909e+00
1.237163803550634489e+00
1.191090054726332781e+00
1.013195153032795837e+00
1.592972787578454286e+00
1.546176041110178145e+00
1.364659936240549820e+00
1.547433030739259197e+00
1.393999265820792477e+00
1.638314162747243730e+00
1.283209933323806506e+00
1.029177973779399791e+00
1.314847513531031131e+00
1.538995409279726889e+00
1.620810409610191183e+00
1.339035836498388976e+00
1.324025478255882682e+00
1.670674762029326299e+00
1.409123369816983606e+00
1.589198140615827537e+00
1.664172246215048778e+00
1.611823375305432959e+00
1.407055837384770358e+00
7.800359049539887790e-01
1.700772699345363570e+00
1.364238263515943794e+00
1.649589120671990150e+00
1.493992387578728431e+00
1.418972406494483529e+00
1.355691617794251069e+00
1.990409315302130944e+00
1.674667564670691222e+00
1.458928278322970007e+00
1.604604848315206889e+00
1.714610808351066717e+00
1.691089344828316410e+00
9.286986241179905344e-01
1.715466721674029804e+00
1.803100559148895554e+00
1.763863969384954267e+00
1.375462219956215870e+00
1.357124098231283549e+00
1.732482366347580793e+00
1.700574281510342400e+00
8.203619537728555899e-01
1.262803318795193475e+00
1.510184859961606119e+00
1.454436148150583419e+00
1.529014398542682729e+00
1.589928170268455343e+00
1.624622543206375669e+00
1.714648692795399887e+00
1.721309422107225151e+00
1.459853468316324676e+00
1.807894513848122608e+00
2.191454528422837722e+00
1.614610650566186800e+00
1.594461919216627388e+00
1.338477093182252942e+00
1.619427997074770031e+00
1.527703578552503272e+00
1.609943989957316468e+00
1.583642283182465693e+00
1.658198982142330635e+00
1.463905680045652913e+00
1.463879010650549040e+00
1.501502484418033134e+00
1.739404703793900664e+00
1.503328539012523279e+00
1.652126987328690122e+00
1.557840841539790189e+00
1.687384376365147265e+00
1.587783873750922448e+00
1.779898739932628260e+00
6.538688373029901690e-01
1.683720095773761249e+00
1.564585344175274395e+00
2.082737906595294231e+00
1.735492868369884700e+00
1.553291172124026787e+00
1.067387825317597017e+00
1.276885229550050793e+00
1.196147948168636788e+00
1.315944455982593908e+00
1.146609783172607422e+00
1.596729728613006882e+00
1.274254727899358564e+00
1.874317324563358644e+00
1.020303730214579652e+00
1.423799587099739750e+00
1.616432041264651787e+00
1.421368443564082762e+00
9.673675626851199194e-01
1.477494803707251281e+00
1.452487983060686716e+00
1.460378080271603096e+00
1.604153716162349363e+00
1.370656105909454636e+00
1.058890280428897102e+00
1.632332484373885562e+00
1.535709746767965678e+00
1.273289292046193344e+00
1.395753721172889872e+00
1.243451075607471257e+00
1.692571439100115427e+00
1.189608911449989481e+00
1.398458163389998843e+00
1.507640937740883036e+00
1.650940189200840624e+00
1.428384831782137487e+00
1.632266028543536640e+00
1.854493331373407550e+00
1.495081837257642432e+00
1.747901270898540416e+00
1.665184010280651883e+00
1.559971536143442306e+00
1.475247585371638914e+00
1.842002555225672245e+00
1.681079301941260873e+00
1.775653245743740838e+00
1.747007907106635338e+00
1.667151381460468373e+00
1.631380150827129283e+00
1.822632067658928046e+00
1.664957977412791834e+00
1.324953479713268489e+00
1.389908228027686654e+00
1.610836918434400244e+00
1.352015195267923797e+00
1.468995860453402136e+00
1.432115538736407734e+00
1.509044387367334261e+00
1.802311558401986424e+00
1.517884958995861844e+00
1.829606787542278790e+00
1.323434912756587645e+00
1.627091615387562973e+00
1.520905762575985420e+00
1.798329535495029496e+00
1.560615925306684471e+00
1.738166427344418619e+00
1.329922464456451126e+00
1.669185203112913074e+00
1.061642465966471160e+00
1.385629972715056279e+00
1.371556945061415789e+00
1.483746975995181572e+00
1.703648903396692171e+00
1.564496860075532680e+00
1.985398698388860517e+00
1.460877406463194417e+00
1.535695221986663528e+00
1.493227230029159802e+00
1.506271650282184682e+00
1.510190931598791808e+00
1.699309342362907538e+00
1.343261209766516417e+00
1.371670697512251680e+00
1.086878140990653829e+00
1.615195171216900372e+00
8.798675577292282002e-01
1.638312748308931921e+00
1.531646297219094288e+00
1.619268421376689027e+00
1.815653127230955066e+00
1.623711876654892805e+00
1.620019075575839240e+00
1.990781805488500700e+00
1.900407034359621106e+00
1.816768772146674982e+00
1.758407835210307191e+00
1.664025289289067233e+00
1.443786884961503203e+00
1.646814048959967858e+00
1.926553377944431933e+00
1.462003363652175647e+00
1.571345273028598832e+00
1.721811558423417265e+00
1.407120418012811847e+00
1.981558476940969316e+00
1.455649619691827379e+00
2.030206098985136265e+00
1.558987379074096680e+00
8.679711148979958324e-01
1.221284397532431010e+00
1.707162937421477178e+00
1.844483781396673017e+00
1.686721721391999385e+00
1.877734945061501515e+00
1.578315295530169138e+00
1.742484904407115565e+00
1.925497148813826387e+00
1.817075306110167876e+00
1.479151435112685320e+00
1.762249460381068555e+00
1.690404219573803157e+00
1.633413993910457274e+00
1.701666077871001104e+00
1.930412790748510465e+00
1.577236166161097852e+00
1.568180807520834330e+00
1.598622233680125015e+00
1.328675291511449919e+00
1.727242906441849302e+00
1.393694641884793084e+00
1.514741568083173728e+00
1.687704912732156393e+00
1.900074299801601363e+00
1.544853075166766621e+00
1.603350672829017221e+00
1.384147885140408318e+00
1.391796975993038643e+00
1.479387318150380937e+00
1.280826515026306733e+00
1.404652777682529496e+00
1.508914757310674482e+00
1.736905214491854865e+00
1.326588116335065237e+00
1.218461584509088702e+00
1.543380348869923813e+00
1.608044485027870341e+00
1.034886809547295838e+00
1.521164082409290685e+00
1.551936848779742695e+00
1.700448388463995375e+00
1.867671102620242607e+00
1.711160414674308905e+00
1.427382422297188480e+00
1.246187325274006774e+00
1.269236148073432213e+00
1.421478445610303565e+00
1.397191813822542761e+00
1.418046285597126088e+00
1.442194349310371271e+00
1.204919715275925229e+00
1.334918121273597880e+00
1.574214897798688284e+00
1.395206645633397580e+00
1.745434115441997447e+00
1.667146685418118279e+00
1.485713885071572316e+00
1.410285806387997720e+00
1.330206972829411471e+00
1.585447727964165443e+00
1.618849611014462564e+00
1.498806465877575711e+00
1.470687146936909606e+00
1.450295507238152259e+00
1.305221715669953486e+00
1.511885020170318894e+00
1.398677160230915151e+00
1.409399454513292627e+00
1.707510182027066614e+00
1.557062591059824141e+00
1.349832070007752849e+00
1.378954284646537909e+00
1.339996605776669014e+00
1.237564858425868941e+00
1.172290491254142086e+00
1.243713145175676660e+00
1.718326060959462387e+00
1.661855736475312373e+00
1.443498612789625435e+00
1.804418865214572953e+00
1.548936625544944601e+00
1.288490134678529797e+00
1.527524818195385770e+00
1.672192427549469285e+00
1.464551976557528112e+00
1.406381013688076775e+00
1.467142683736393893e+00
1.464615619584415773e+00
1.628299443909291488e+00
1.757508371653181856e+00
1.436597817399528632e+00
1.567059062839893713e+00
1.316717067461335322e+00
3.596217351013354935e-01
1.717352659514780777e+00
1.686511595597427915e+00
1.190666066126877087e+00
1.404942446880126372e+00
1.591185146503234282e+00
1.235500154870279754e+00
1.667878133527348483e+00
1.580460516254553527e+00
1.304931095476900671e+00
1.533212143383668957e+00
1.473466929425014449e+00
1.416303519452555726e+00
1.789941525191403482e+00
1.745573564861597538e+00
1.797018750330035664e+00
1.759442033392659699e+00
1.898553836211729573e+00
1.863427939039937531e+00
1.482051044367672432e+00
1.478564607963133382e+00
1.606397690397969757e+00
1.496140869815697938e+00
1.418943354253018763e+00
1.267411948589796333e+00
1.604003524512387369e+00
1.496526479721069336e+00
1.770045955529373716e+00
1.705669172694174174e+00
1.481460906146617518e+00
1.426110948069711837e+00
1.758277250139900882e+00
1.420510172843933105e+00
1.556699434023224971e+00
1.710017619508036102e+00
1.600192288334449930e+00
1.310222513220283380e+00
1.189832139550969892e+00
1.477694627944003303e+00
1.258828342630622155e+00
1.560768507839588537e+00
1.437463583571187531e+00
1.745095776707938473e+00
1.320008352901158810e+00
1.692335556062419810e+00
1.426244771882389406e+00
1.421904287981183401e+00
1.424161814571766271e+00
1.542236585295602147e+00
1.396400924479023864e+00
9.171784285748942889e-01
1.329932286498251903e+00
1.581803136997008696e+00
1.374934844756394270e+00
1.535615663849905665e+00
1.579451998967802862e+00
1.826623896534523173e+00
1.704212804858604269e+00
1.525657120715366410e+00
1.735631863722640444e+00
1.320682275161314534e+00
1.726246577970097507e+00
1.811698245198539059e+00
1.510854525512523860e+00
1.249408874618873178e+00
1.555732595786619710e+00
1.840408631924832727e+00
1.449012789833411752e+00
1.632641346267100113e+00
1.283135057835096626e+00
1.742249992456329055e+00
2.127821863367316269e+00
1.561532686265666880e+00
1.577181853605120310e+00
1.627568010533793519e+00
1.606685472338387211e+00
1.586662130409412175e+00
1.423884289987971341e+00
1.674437769343344096e+00
1.886518407403753095e+00
1.582347386338737616e+00
1.324601086337914735e+00
1.812930429919382247e+00
1.651897196019633363e+00
1.759371409255467089e+00
1.391863896605673778e+00
1.942957849984758401e+00
1.866558250416530562e+00
1.881712750102696896e+00
1.457892653647433479e+00
1.494904499375418361e+00
1.767531064119231887e+00
1.788183793592988735e+00
1.657935509520970019e+00
1.583315179589089405e+00
1.497069815571388407e+00
2.140310756276162962e+00
1.844403303071354250e+00
1.220532833860161537e+00
1.960008104195755552e+00
1.522129966971579540e+00
1.567807824424143570e+00
1.544090723723507974e+00
1.697280682874529489e+00
1.644568212916342143e+00
1.752019489749094161e+00
1.095101434193300305e+00
1.583750857396072131e+00
1.595749308553974233e+00
1.426319166515650272e+00
1.484689474105834961e+00
1.395850140057252942e+00
1.465243139963471553e+00
1.260507437620270066e+00
1.367187011107969807e+00
1.620729470520876792e+00
1.605321305521418607e+00
1.587590615401107241e+00
1.407811128691341063e+00
1.680088595058141232e+00
1.752143036113696262e+00
1.677816108371434689e+00
1.496157264441586587e+00
1.780093890897343600e+00
1.549655912967210503e+00
2.015653817841176032e+00
1.858722921167866637e+00
1.683451948540934051e+00
1.503409029392713814e+00
5.956099013264259945e-01
1.714082909434029300e+00
1.439588656586207716e+00
1.726147847229175358e+00
6.051533526918860817e-01
1.337447522731309624e+00
1.454951872986354200e+00
1.390221763192937665e+00
7.450630504093812556e-01
1.502165633640932141e+00
1.790316366077808752e+00
1.709850997067569267e+00
1.997210874986112827e+00
1.863970818144551789e+00
1.602089488104488035e+00
1.328291101402111263e+00
1.600130054388153367e+00
1.475944851221663301e+00
1.635521732019574515e+00
1.612014801314707535e+00
1.531240571750683621e+00
1.822461716244729635e+00
1.834031055482585826e+00
1.693275261461065107e+00
1.401926336663492645e+00
1.349392643135585157e+00
1.978803937354784326e+00
1.569577714030662374e+00
1.411605986316552430e+00
1.115489312102285746e+00
1.257028022508942744e+00
1.058680638838350063e+00
1.309607578127571781e+00
1.467335963517092612e+00
6.389679754717966231e-01
1.114470512679453629e+00
1.552790424796972379e+00
1.455052031559890491e+00
1.501409367229161740e+00
1.554581378283125703e+00
1.874257398455330570e+00
1.809231531753968669e+00
1.569196305917889944e+00
1.498374546511789474e+00
1.340918991003143601e+00
1.627992926018961395e+00
1.818336497531848117e+00
1.240559462750895570e+00
1.464012850536389188e+00
1.663536740153023441e+00
1.474807695056615353e+00
9.890110385551881267e-01
1.818899947605775891e+00
1.576680182071214409e+00
1.555083044459310893e+00
9.852681628773721778e-01
1.656708484285333238e+00
1.517999157476960903e+00
1.185866496536169157e+00
1.265460042471296287e+00
1.536597960450676092e+00
1.154274305600798467e+00
1.327583980024530597e+00
1.525117066469085403e+00
1.521302144179183413e+00
1.662188467015041304e+00
1.471582365839668949e+00
1.506934291861030450e+00
1.433761414517177535e+00
1.356631328550617299e+00
1.439554987328775848e+00
1.609516733148124823e+00
1.169990370782573619e+00
1.435653438728846876e+00
1.664212031310863704e+00
1.204109648640236063e+00
1.474458117163583104e+00
1.462745090548911886e+00
1.411074825886929895e+00
1.326515112030372201e+00
8.546698120202911308e-01
1.341558246130353904e+00
1.569860842790496536e+00
1.567605649487356034e+00
1.733822168928853547e+00
1.729122769966554118e+00
1.656632640388574496e+00
1.565489451536971499e+00
1.614985950877157572e+00
2.000651437245058339e+00
1.489643938086006036e+00
1.418051897809746498e+00
1.531616819038819743e+00
1.242509032903092558e+00
1.503594798988170833e+00
1.477313238583253918e+00
1.075793171196841147e+00
1.320618135205815280e+00
1.747859156533573488e+00
1.444727519924720927e+00
1.886714970127919999e+00
1.537645769922920902e+00
1.371188199921940187e+00
1.571042009953702356e+00
1.478687674811716812e+00
1.532457764229077979e+00
1.657962193649806348e+00
1.659947351123509884e+00
1.540664678209283434e+00
1.743917388862438411e+00
1.717895533261674101e+00
1.369841382744606983e+00
1.568134464574663767e+00
1.708287963706455859e+00
1.363117476527610616e+00
1.455498014942983476e+00
1.298596556267041846e+00
1.603249582012048036e+00
1.672076364581504659e+00
1.747178246465961537e+00
1.427620133657133916e+00
1.491021213906534637e+00
1.315246241815974271e+00
1.852371538622995528e+00
1.630743689751357195e+00
1.386931400620535548e+00
1.721082473069094565e+00
1.477772304181302454e+00
1.219133584686879379e+00
8.348238448078713070e-01
1.448933671029766002e+00
1.477112460672185712e+00
1.859538103757279570e+00
1.855001560757669088e+00
1.126388020729750750e+00
1.731404615252205570e+00
1.995510736208283564e+00
6.727049009183819761e-01
1.769975300585286071e+00
1.508549767933534680e+00
1.638265031107356107e+00
1.423219282975357602e+00
1.519402601745691195e+00
1.694319771916678707e+00
1.431941905718171260e+00
1.689471546183811235e+00
1.407733019818080855e+00
1.277626493003930941e+00
1.625312326999192925e+00
1.662890933872608556e+00
5.084753947311573263e-01
1.050545800267980390e+00
7.992430878489205082e-01
1.518952429964301354e+00
1.388755609480182729e+00
1.804935516936055695e+00
1.798439982232083123e+00
1.632993252089854019e+00
1.459538517373331512e+00
1.424070544457167742e+00
1.647003563602319032e+00
1.098445594980475670e+00
1.551505364728777536e+00
9.191855868596708889e-01
1.555043722806351836e+00
1.458684457821792346e+00
1.744817779305275929e+00
2.140136209766516640e+00
1.706580320101105830e+00
1.643047752005330597e+00
1.673454549875152297e+00
1.565146430154864765e+00
1.271112727315238278e+00
1.455643561448943801e+00
1.069909758782118914e+00
1.344417120633500273e+00
1.496652387501148596e+00
1.154394558306490515e+00
1.435634251390950133e+00
1.440781069605538089e+00
1.319974655515692152e+00
1.439748245678590832e+00
1.342900379320209003e+00
1.576709664269779543e+00
1.348797388291091082e+00
1.226199104544821727e+00
1.155274855956602620e+00
1.363088465808482752e+00
1.440636456682441002e+00
3.617711520931694014e-01
1.523874597603015690e+00
1.136790696154819535e+00
1.427867245138361163e+00
1.328507778349887092e+00
1.084167623787783530e+00
1.267315110463774541e+00
9.562259812033577777e-01
1.251102949796097930e+00
1.122965727629286592e+00
1.169522885526164124e+00
8.835482088367591080e-01
1.101408813776594942e+00
1.154899507426144112e+00
1.515187562181708580e+00
1.630263062005632424e+00
1.197647815340020738e+00
1.341313469275999593e+00
1.514919394857427992e+00
1.588505032357205193e+00
1.462866302286641051e+00
1.453498370192024103e+00
1.419556905714313588e+00
1.533925797162430937e+00
1.330354891466290823e+00
1.073558119575628966e+00
1.275599219825830355e+00
1.010278255751963394e+00
1.398147422276186047e+00
1.158199227927775965e+00
8.475705954465972969e-01
2.327639314900623313e-01
7.032268375493166968e-01
1.083416968249203194e+00
8.461989512604274344e-01
1.527374609132831074e+00
1.363231186116679261e+00
1.519117147734995621e+00
1.133686115232746205e+00
1.233206128806210611e+00
1.310016613328055080e+00
1.082997194836648580e+00
1.101228176877739662e+00
9.682155372051710618e-01
1.025533845585383741e+00
1.422479429941498896e+00
1.352180869391794937e+00
1.284139333146341766e+00
1.307517594166016206e+00
1.289279594850004429e+00
1.330652500806229765e+00
1.184222499975997378e+00
1.209611206911922920e+00
1.195870925871173940e+00
1.280017876892947104e+00
1.173029902276028436e+00
1.253240211626117206e+00
1.333094394608829836e+00
1.569494891702459149e+00
6.965240052576815444e-01
1.530049524950177542e+00
1.387507028794020769e+00
1.363898065652740188e+00
1.310243557008464732e+00
1.097082377819532661e+00
1.353461248151371921e+00
1.368171146746431921e+00
1.079872504378972531e+00
1.249441200427794829e+00
1.319735541772306675e+00
1.503859227962708101e+00
1.358484481157881563e+00
1.488241416684697116e+00
1.648849263619840855e+00
1.466376595282822493e+00
1.654969468545377964e+00
1.295130725657002380e+00
1.504703456096434966e+00
1.387916516721918292e+00
1.325880073429493322e+00
1.141194353612621226e+00
1.386504620648501884e+00
1.451476208279641744e+00
1.437327391645881525e+00
1.801935781253857449e+00
1.739474422476264825e+00
1.595900471290845557e+00
1.531335554765851370e+00
1.397269044029578744e+00
1.203337017070041703e+00
1.781763143753737566e+00
1.480465070585186504e+00
1.355867108602202276e+00
1.722875262914078887e+00
1.919849143939071912e+00
1.458269364378425470e+00
1.053496859716565481e+00
1.065928201327163150e+00
1.067196420739205953e+00
9.480120352144991713e-01
1.456535504105385792e+00
1.569714820786808351e+00
1.326149159602904692e+00
1.603300596890824492e+00
5.451802386996451588e-01
9.695736009083436580e-01
1.591960588198029658e+00
9.669870935129315503e-01
1.691270928704336818e+00
1.479287632395712260e+00
1.577520204394051273e+00
1.085737196247229308e+00
1.496441309371691064e+00
1.421770919574780301e+00
1.023065262965941802e+00
1.228753770335336837e+00
2.098241063985931909e+00
1.321877922904625358e+00
1.383180125375812031e+00
1.455695023697413770e+00
7.502543135975183741e-01
1.489880754706564892e+00
1.882582724764106041e+00
1.646675963080331151e+00
1.236357007133826791e+00
1.411665893672557459e+00
1.798571941557894904e+00
1.150255318438069274e+00
1.271809070297841293e+00
1.389013468549492591e+00
1.535589926698234686e+00
1.710477640119831166e+00
1.644304724221818947e+00
1.736822370732768128e+00
1.658984726734375581e+00
1.486330190401398799e+00
1.419981385884659941e+00
1.310955833852960772e+00
1.561431158794445828e+00
1.369209584225429488e+00
1.177910886453778616e+00
1.211884633878643536e+00
1.523169368840335380e+00
1.764684339587608175e+00
1.437198709905817218e+00
1.985939660768830439e+00
1.927097643359323653e+00
1.747308337286616942e+00
1.686297711361659957e+00
1.689519744240835841e+00
1.645295459232973156e+00
1.807219704885161260e+00
1.329846633953994495e+00
1.287277130598432517e+00
1.666356297021501565e+00
9.979583038372940029e-01
1.575301067212994122e+00
1.258647215500306560e+00
1.592465057801664585e+00
1.365510711509190234e+00
1.187725312254402033e+00
1.445470195138052638e+00
1.382711202910776871e+00
1.690148689773645296e+00
1.329419378484232972e+00
1.310193501161725393e+00
1.417356957210583523e+00
1.368005954817439696e+00
1.186465979961866646e+00
1.627335895313305691e+00
1.571154788638768673e+00
1.476564937762999907e+00
1.441386166583286332e+00
1.480729479468270604e+00
1.813934705230627165e+00
1.372278587202007794e+00
1.629619147000687773e+00
1.608872815464319705e+00
1.301487247595626284e+00
1.937563917610082731e+00
1.393271566776747017e+00
1.392814845181582939e+00
1.812659929307659068e+00
1.518764282880204375e+00
1.402106076144100655e+00
1.332580110999975309e+00
1.496951409939969446e+00
1.369073420428158272e+00
1.450828057996342624e+00
1.442950148260995213e+00
1.167001891671941571e+00
1.501601247305280662e+00
7.456339745039350930e-01
6.907093792818905786e-01
1.426896651139420102e+00
1.676774855410115173e+00
1.296720893195505875e+00
1.769830674267886650e+00
1.701925812142618621e+00
1.560386636283960238e+00
1.715902870960449800e+00
1.403503424665901056e+00
1.389410282788651640e+00
1.495725761638598605e+00
1.556121507387482783e+00
1.599010659067818363e+00
1.810108048192570651e+00
1.161189120807004871e+00
1.281711480590734586e+00
1.458358732502112121e+00
1.533517274963721810e+00
1.367266095086429933e+00
1.143499123916197346e+00
8.181713518131984442e-01
1.178401359011618021e+00
1.745303991135586541e+00
1.495821267031551827e+00
1.379190155629361536e+00
1.328158654523699411e+00
1.124565245730153595e+00
1.472143007128426273e+00
1.783768432863642728e+00
1.254546797677372316e+00
1.517247129022405439e+00
1.599229654569304326e+00
1.166472120231456966e+00
1.047416899311408578e+00
1.308102547452690834e+00
1.238977220621001907e+00
1.514868385336372247e+00
1.541798572861746486e+00
1.550112673405850794e+00
1.746567556027615931e+00
1.523303193992443294e+00
1.428645032175471341e+00
1.447468951846776486e+00
1.409424267458112112e+00
1.653719497530647953e+00
1.165033573514959730e+00
1.674487860015269058e+00
1.217772684740216604e+00
1.370040743538502914e+00
1.936125373572445962e+00
1.309640797336449891e+00
1.573195657033598760e+00
1.402893639682384119e+00
1.468720245897100263e+00
1.424940521797437354e+00
2.009316973471909407e+00
1.660701230670629025e+00
1.504032840889491407e+00
1.616023950362473371e+00
1.136053156316950030e+00
1.350834956329860059e+00
1.255318032221847790e+00
1.266345463441998831e+00
1.449239753605274572e+00
1.889688477087556606e+00
1.420222369472632140e+00
1.454276127761669368e+00
1.898271196343925604e+00
1.799536457222499219e+00
1.444469662194841408e+00
1.613899813609176892e+00
1.449781666980700656e+00
1.173090719105152502e+00
1.659190607874581058e+00
1.426045404391342419e+00
1.639911828416117157e+00
1.097245689858211470e+00
7.824520609352025868e-01
1.682823450377817887e+00
1.708368463462658138e+00
1.471126105008500273e+00
1.618603904595535825e+00
1.321600425109434651e+00
1.892490729857026821e+00
1.509406609481640071e+00
2.045023184144095119e+00
1.934782734077967969e+00
1.872371001190014095e+00
1.818254127931059116e+00
1.478242138798317118e+00
1.802211437332496224e+00
1.541189295522282565e+00
1.454268634989020592e+00
1.288135859403717332e+00
1.634757538859763937e+00
1.462471319048592289e+00
1.434331875168875392e+00
1.549734068720528324e+00
1.546566819876767251e+00
1.734334626894318721e+00
1.710153776608156262e+00
1.519949688000625354e+00
1.330757797434088952e+00
1.685813830139931691e+00
1.388854336202814288e+00
1.275811219483279135e+00
1.843161277556687239e+00
1.664873763416590213e+00
1.645856553249144927e+00
2.009577185920115472e+00
1.678325762909449903e+00
1.545018268435188968e+00
1.776897589812117983e+00
1.707050146681539093e+00
1.610700714454222249e+00
1.695159336154380636e+00
1.719977547613422475e+00
1.620506700505031539e+00
1.345114403896117583e+00
1.843803803572493960e+00
1.759421952654806498e+00
1.632349349139781580e+00
1.615707133593184297e+00
2.168172747901316644e+00
2.034287779518727302e+00
1.808099020732922391e+00
1.624501368972692594e+00
1.032727108242806446e+00
1.625648359234413309e+00
1.787117280317156442e+00
1.797142264548312385e+00
1.679575672310389844e+00
1.770093213306384250e+00
1.559342109755183836e+00
1.611435452204072138e+00
1.302430700720026202e+00
1.446003692873408353e+00
1.962039138493912871e+00
1.622017321961649383e+00
1.649388372228386634e+00
1.734749238142806460e+00
1.541368507267383947e+00
1.057183120357856332e+00
1.588222831822513115e+00
1.243574137098333754e+00
1.764196697245822953e+00
1.606952681970060581e+00
1.481096353423729362e+00
1.042283177375793457e+00
1.484041335877407830e+00
1.577228664012437553e+00
1.540332870536975651e+00
1.434909817877780158e+00
1.560165268651555026e+00
6.919078726447029926e-01
1.309210718347785241e+00
9.292115287834339377e-01
1.060515572515766225e+00
1.557853955901070897e+00
1.490157332313194694e+00
1.094065324644024395e+00
1.347947995314437319e+00
1.510251773877090198e+00
1.464640865165196093e+00
1.318935777364152129e+00
1.549636748399627395e+00
1.664983231030153332e+00
1.597243104088172494e+00
1.476301455765627768e+00
1.532345451665728220e+00
1.355222227868069451e+00
1.548428872997841044e+00
1.404121597161453794e+00
1.439432831292741799e+00
1.075857287042596422e+00
1.269787868756926397e+00
1.474386493811446597e+00
1.458333955721908826e+00
1.188983230778340561e+00
9.113872278942151128e-01
1.483324377724293930e+00
1.478985773043686169e+00
1.236707990089159326e+00
9.050905958990033140e-01
9.219298047965831522e-01
1.176582762364591028e+00
8.086601777023143534e-01
4.208733770954474762e-01
8.401742309666750952e-01
1.465030218778031523e+00
1.662757088629047475e+00
1.258636007148228320e+00
1.403036848882610821e+00
1.099810676628284245e+00
1.286948596493581620e+00
1.448264973886897122e+00
1.014442772677775162e+00
1.295275313130925143e+00
9.284810189450725115e-01
5.713233016849903478e-01
5.376163202055385115e-01
1.513276322504107929e+00
1.367077958717774822e+00
1.434249043464660645e+00
1.043990861833765216e+00
1.172966233799966451e+00
3.194861542642786212e-01
8.545907186658194821e-01
7.661599195405338625e-01
1.042065120814891444e+00
1.419752054000168684e+00
1.330896314610256148e+00
1.392980970693438181e+00
8.273193615206172469e-01
1.388559023985701968e+00
3.510947240872329678e-01
8.279520742009195411e-01
1.517405296979325469e+00
1.150492555639716974e+00
1.262349389912037267e+00
1.189871913931342950e+00
1.483414240097731707e+00
1.414111040951160803e+00
1.630254193638147830e+00
1.418872277388411929e+00
1.540486862150470815e+00
1.442053494828470672e+00
1.360596015212241161e+00
1.256643809629290232e+00
1.212595489587676711e+00
1.200991992200358460e+00
1.429814976252866687e+00
