prec,et,temp,tm
2009-01-01,0.0,0.0248749701495,28.3887324601,28.8738125623
2009-01-02,0.0,1.09058684312,28.5019148709,28.8738125623
2009-01-03,0.0,1.58107588666,29.338086439,28.8738125623
2009-01-04,0.0,1.21682600493,28.9070985344,28.8738125623
2009-01-05,4.9172549087,1.33591349473,29.7360670754,28.8738125623
2009-01-06,11.9642127337,1.21554746789,28.9486325082,28.8738125623
2009-01-07,14.9446529967,1.22264810894,27.9508707068,28.8738125623
2009-01-08,2.24775045373,1.04039162732,28.285558422,28.8738125623
2009-01-09,1.86360566,1.36482420128,27.7086573826,28.8738125623
2009-01-10,0.0,1.56910083267,28.0448668405,28.8738125623
2009-01-11,0.0,1.2986321168,29.179322382,28.8738125623
2009-01-12,0.0,1.33119863071,29.1220926006,28.8738125623
2009-01-13,0.755663068107,1.25676407707,29.2278720984,28.8738125623
2009-01-14,0.0,1.16382853235,28.6609023448,28.8738125623
2009-01-15,3.48810956719,1.29606759548,28.1014332075,28.8738125623
2009-01-16,0.0,0.984847897224,27.4732074095,28.8738125623
2009-01-17,6.89209915011,0.68923525395,27.4162275764,28.8738125623
2009-01-18,4.89681448561,0.985843761583,26.6981121235,28.8738125623
2009-01-19,12.8685822219,1.44715212168,27.413871808,28.8738125623
2009-01-20,10.8355056088,1.00697339987,27.0791161141,28.8738125623
2009-01-21,0.0,1.26555457812,28.7257829945,28.8738125623
2009-01-22,1.36637034041,1.07868900326,28.0822242994,28.8738125623
2009-01-23,31.2410675863,1.01256994652,28.7358092619,28.8738125623
2009-01-24,0.0,1.27045475767,27.8932030496,28.8738125623
2009-01-25,0.0,1.34649118413,28.5247210599,28.8738125623
2009-01-26,0.0,1.55919002683,29.1553365729,28.8738125623
2009-01-27,0.0,1.47524478864,29.3518596606,28.8738125623
2009-01-28,3.22694980428,1.31926802437,29.8841337783,28.8738125623
2009-01-29,0.61384169975,1.58075627852,29.3758472271,28.8738125623
2009-01-30,19.8163907983,1.36141358868,27.463932316,28.8738125623
2009-01-31,18.750026719,1.48776690076,27.7127636684,28.8738125623
2009-02-01,23.9307449427,1.00038288885,27.560364541,28.8738125623
2009-02-02,0.140594150243,1.36744626586,29.034148827,28.8738125623
2009-02-03,0.0,1.3958590111,30.0622509946,28.8738125623
2009-02-04,0.588568154346,1.69919187835,30.9459920947,28.8738125623
2009-02-05,0.0,1.58793831943,30.0988899188,28.8738125623
2009-02-06,0.501433415359,1.5945583006,29.8678341126,28.8738125623
2009-02-07,0.0,1.39185781425,29.1209626359,28.8738125623
2009-02-08,9.43004235257,1.35516562489,29.3546574625,28.8738125623
2009-02-09,0.0,1.28023454446,29.1024186852,28.8738125623
2009-02-10,13.9376680396,1.52502302106,29.789110398,28.8738125623
2009-02-11,2.27201787541,1.41990599873,29.2983130337,28.8738125623
2009-02-12,13.0930065734,1.40704087059,28.0651626373,28.8738125623
2009-02-13,5.47690197591,1.73590140798,27.9472809695,28.8738125623
2009-02-14,15.6659148677,1.28957909948,27.942705583,28.8738125623
2009-02-15,0.806737042545,1.10841256782,27.4980943873,28.8738125623
2009-02-16,0.45354438096,1.3972470238,27.2082370372,28.8738125623
2009-02-17,0.0,1.14146110851,28.5371244623,28.8738125623
2009-02-18,0.0,1.51540561071,29.801568985,28.8738125623
2009-02-19,8.02147421676,1.71920728148,29.7608056229,28.8738125623
2009-02-20,0.0,1.24499447292,28.1151696109,28.8738125623
2009-02-21,1.01581901379,1.35971012544,29.0584034223,28.8738125623
2009-02-22,1.85847107748,1.49817891201,29.8016053532,28.8738125623
2009-02-23,0.0,1.55516961987,28.9045447446,28.8738125623
2009-02-24,6.71493877454,1.85572270329,29.5177893049,28.8738125623
2009-02-25,0.251028478815,1.50999253252,28.493520651,28.8738125623
2009-02-26,0.206699395448,1.33938636673,27.8130498307,28.8738125623
2009-02-27,3.37580285447,1.47886924529,28.4336065871,28.8738125623
2009-02-28,2.76013198595,1.5517739754,28.2497191054,28.8738125623
2009-03-01,9.37135357803,1.6517179615,29.9464805474,28.8738125623
2009-03-02,6.2669227793,1.52376649085,29.5168561614,28.8738125623
2009-03-03,5.74744834257,1.33279959405,28.2881467798,28.8738125623
2009-03-04,0.0,1.20669756177,27.8514565671,28.8738125623
2009-03-05,4.91779961211,1.05124215464,29.5728500023,28.8738125623
2009-03-06,0.476274238544,1.63697901736,30.7981728329,28.8738125623
2009-03-07,6.41581026356,1.53813151697,29.7550647178,28.8738125623
2009-03-08,1.76158013505,1.80549894692,30.2315762338,28.8738125623
2009-03-09,11.7658123488,1.63603464539,29.1897755312,28.8738125623
2009-03-10,0.665255953757,1.7996773251,29.3852006291,28.8738125623
2009-03-11,0.0,1.734632259,29.5213455672,28.8738125623
2009-03-12,0.338530026125,1.47966244515,28.8436769421,28.8738125623
2009-03-13,8.37423971798,1.40465229951,28.3345349558,28.8738125623
2009-03-14,0.0,0.81842171878,27.848606774,28.8738125623
2009-03-15,5.63541170185,1.61470894867,29.0934337016,28.8738125623
2009-03-16,8.88029187985,1.50323541245,29.1588741045,28.8738125623
2009-03-17,14.4148560374,1.45741017347,28.2944948004,28.8738125623
2009-03-18,2.18328075195,1.23716380355,27.4572524381,28.8738125623
2009-03-19,8.73488585869,1.19109005473,27.9164824968,28.8738125623
2009-03-20,0.0,1.01319515303,27.1860529439,28.8738125623
2009-03-21,1.22044245581,1.59297278758,29.1686407154,28.8738125623
2009-03-22,1.46342408255,1.54617604111,27.9763727295,28.8738125623
2009-03-23,19.8575879965,1.36465993624,27.7725782287,28.8738125623
2009-03-24,0.067302098435,1.54743303074,27.7952649192,28.8738125623
2009-03-25,19.5596778741,1.39399926582,28.2338462144,28.8738125623
2009-03-26,1.32169240244,1.63831416275,28.6837416445,28.8738125623
2009-03-27,6.89914883389,1.28320993332,28.0124337271,28.8738125623
2009-03-28,13.7280120528,1.02917797378,27.6044195797,28.8738125623
2009-03-29,16.3749308211,1.31484751353,27.0587670616,28.8738125623
2009-03-30,0.0,1.53899540928,28.9790514399,28.8738125623
2009-03-31,12.2939367134,1.62081040961,28.4656495084,28.8738125623
2009-04-01,6.32694446907,1.3390358365,26.8479806064,28.8738125623
2009-04-02,25.740764918,1.32402547826,27.5619098578,28.8738125623
2009-04-03,0.636432395892,1.67067476203,28.4129996782,28.8738125623
2009-04-04,1.93925290161,1.40912336982,28.4115419495,28.8738125623
2009-04-05,0.0,1.58919814062,30.6821364071,28.8738125623
2009-04-06,0.0,1.66417224622,30.6938416342,28.8738125623
2009-04-07,0.0,1.61182337531,29.8554684285,28.8738125623
2009-04-08,27.4285653575,1.40705583738,27.3647807689,28.8738125623
2009-04-09,0.0,0.780035904954,27.017587126,28.8738125623
2009-04-10,10.2266596944,1.70077269935,28.7990181312,28.8738125623
2009-04-11,12.4967237323,1.36423826352,29.0034221692,28.8738125623
2009-04-12,13.3342429011,1.64958912067,28.4133332499,28.8738125623
2009-04-13,1.35170057382,1.49399238758,29.6862718604,28.8738125623
2009-04-14,1.67601100514,1.41897240649,28.6604034767,28.8738125623
2009-04-15,7.70692393485,1.35569161779,28.0336220559,28.8738125623
2009-04-16,1.95137405931,1.9904093153,30.1178859325,28.8738125623
2009-04-17,2.93882745571,1.67466756467,29.3409922739,28.8738125623
2009-04-18,1.03439072277,1.45892827832,29.7112500266,28.8738125623
2009-04-19,11.7012127169,1.60460484832,29.9598505684,28.8738125623
2009-04-20,0.300018932042,1.71461080835,30.0214331338,28.8738125623
2009-04-21,16.5350880355,1.69108934483,29.5788200036,28.8738125623
2009-04-22,0.164710695824,0.928698624118,29.6711862757,28.8738125623
2009-04-23,0.339938131611,1.71546672167,29.5525020214,28.8738125623
2009-04-24,8.83140049088,1.80310055915,28.9244633578,28.8738125623
2009-04-25,0.927158350355,1.76386396938,29.4465670854,28.8738125623
2009-04-26,0.0,1.37546221996,30.1116058693,28.8738125623
2009-04-27,3.04925185643,1.35712409823,29.0801650701,28.8738125623
2009-04-28,1.0809205516,1.73248236635,30.5377980564,28.8738125623
2009-04-29,1.33262215304,1.70057428151,28.4044819092,28.8738125623
2009-04-30,14.9390237251,0.820361953773,27.9214721423,28.8738125623
2009-05-01,0.0,1.2628033188,27.9160127318,28.8738125623
2009-05-02,29.5751802466,1.51018485996,28.4565492051,28.8738125623
2009-05-03,14.3337074666,1.45443614815,27.7923638419,28.8738125623
2009-05-04,0.66529934058,1.52901439854,27.2536236195,28.8738125623
2009-05-05,0.0,1.58992817027,28.1098508299,28.8738125623
2009-05-06,4.96501447913,1.62462254321,28.7351136368,28.8738125623
2009-05-07,3.55006385385,1.7146486928,28.144764418,28.8738125623
2009-05-08,4.3813431638,1.72130942211,27.6817777612,28.8738125623
2009-05-09,0.032520878181,1.45985346832,28.9251034769,28.8738125623
2009-05-10,2.19470514072,1.80789451385,30.2497908989,28.8738125623
2009-05-11,10.4467241737,2.19145452842,30.6225004732,28.8738125623
2009-05-12,2.50414213706,1.61461065057,29.8468903959,28.8738125623
2009-05-13,8.44446923492,1.59446191922,28.5925068587,28.8738125623
2009-05-14,0.517812177037,1.33847709318,29.0261875324,28.8738125623
2009-05-15,0.216764241122,1.61942799707,29.7493653244,28.8738125623
2009-05-16,2.21492127622,1.52770357855,28.5973471952,28.8738125623
2009-05-17,7.06522246693,1.60994398996,29.3687889656,28.8738125623
2009-05-18,0.127193831326,1.58364228318,29.1611864754,28.8738125623
2009-05-19,5.13059374188,1.65819898214,28.675786372,28.8738125623
2009-05-20,0.347584397605,1.46390568005,29.2543599418,28.8738125623
2009-05-21,1.42721363936,1.46387901065,28.2940408299,28.8738125623
2009-05-22,0.10556929299,1.50150248442,28.2296683279,28.8738125623
2009-05-23,0.367977284314,1.73940470379,29.0788369554,28.8738125623
2009-05-24,0.374685319622,1.50332853901,29.6026323511,28.8738125623
2009-05-25,7.66067386209,1.65212698733,28.7292588266,28.8738125623
2009-05-26,0.0,1.55784084154,29.8434196215,28.8738125623
2009-05-27,0.27726692564,1.68738437637,30.6170215607,28.8738125623
2009-05-28,3.49681583951,1.58778387375,30.003466574,28.8738125623
2009-05-29,3.6777669044,1.77989873993,27.5585030331,28.8738125623
2009-05-30,7.33104227902,0.653868837303,28.7732227411,28.8738125623
2009-05-31,8.80156133416,1.68372009577,29.1655388736,28.8738125623
2009-06-01,0.0,1.56458534418,30.7808065522,28.8738125623
2009-06-02,0.0,2.0827379066,31.598983486,28.8738125623
2009-06-03,0.0,1.73549286837,30.9324743507,28.8738125623
2009-06-04,0.863417365578,1.55329117212,30.6094555801,28.8738125623
2009-06-05,15.8921305035,1.06738782532,28.7589850694,28.8738125623
2009-06-06,0.0,1.27688522955,28.2487656025,28.8738125623
2009-06-07,0.0,1.19614794817,27.8149170179,28.8738125623
2009-06-08,23.5485842201,1.31594445598,29.2652897781,28.8738125623
2009-06-09,0.0,1.14660978317,29.5838430169,28.8738125623
2009-06-10,28.6718679064,1.59672972861,28.4770944145,28.8738125623
2009-06-11,7.25772084815,1.2742547279,28.5307346301,28.8738125623
2009-06-12,7.91930452625,1.87431732456,29.2754804418,28.8738125623
2009-06-13,5.40322547548,1.02030373021,28.0976665797,28.8738125623
2009-06-14,0.0,1.4237995871,27.6260909391,28.8738125623
2009-06-15,7.14414976152,1.61643204126,29.0179844117,28.8738125623
2009-06-16,6.14875880252,1.42136844356,28.4950507732,28.8738125623
2009-06-17,1.1818423298,0.967367562685,29.7207709966,28.8738125623
2009-06-18,4.34208904223,1.47749480371,30.1145047391,28.8738125623
2009-06-19,0.624365584234,1.45248798306,30.6244259095,28.8738125623
2009-06-20,10.4582089788,1.46037808027,30.1152221594,28.8738125623
2009-06-21,0.139039741473,1.60415371616,29.6336942737,28.8738125623
2009-06-22,23.8697052216,1.37065610591,27.1733526594,28.8738125623
2009-06-23,4.07540563519,1.05889028043,27.9019590013,28.8738125623
2009-06-24,0.0,1.63233248437,28.9133724684,28.8738125623
2009-06-25,3.10475842337,1.53570974677,28.3570051086,28.8738125623
2009-06-26,0.0,1.27328929205,29.0336630103,28.8738125623
2009-06-27,0.0,1.39575372117,28.4756022893,28.8738125623
2009-06-28,0.0,1.24345107561,28.0626454085,28.8738125623
2009-06-29,0.0,1.6925714391,28.2171704796,28.8738125623
2009-06-30,9.40259036053,1.18960891145,28.2014222734,28.8738125623
2009-07-01,0.282191287266,1.39845816339,28.5387917851,28.8738125623
2009-07-02,33.1613549972,1.50764093774,29.146658801,28.8738125623
2009-07-03,0.0,1.6509401892,28.3010946552,28.8738125623
2009-07-04,0.0,1.42838483178,28.3209276306,28.8738125623
2009-07-05,0.0,1.63226602854,27.9001621718,28.8738125623
2009-07-06,1.04644216045,1.85449333137,30.4755852303,28.8738125623
2009-07-07,0.0,1.49508183726,28.6351734761,28.8738125623
2009-07-08,7.94931001342,1.7479012709,29.5351853746,28.8738125623
2009-07-09,0.244824355908,1.66518401028,29.1032758991,28.8738125623
2009-07-10,0.0,1.55997153614,28.4484930789,28.8738125623
2009-07-11,0.0,1.47524758537,28.3638804575,28.8738125623
2009-07-12,0.0,1.84200255523,28.9050692869,28.8738125623
2009-07-13,0.0,1.68107930194,29.304049374,28.8738125623
2009-07-14,0.0,1.77565324574,28.5273166614,28.8738125623
2009-07-15,0.0,1.74700790711,28.5311569042,28.8738125623
2009-07-16,0.0,1.66715138146,29.3439703095,28.8738125623
2009-07-17,0.0,1.63138015083,29.5464623698,28.8738125623
2009-07-18,0.0,1.82263206766,29.3286780239,28.8738125623
2009-07-19,0.0,1.66495797741,28.7918645237,28.8738125623
2009-07-20,10.3712252231,1.32495347971,28.5981448956,28.8738125623
2009-07-21,13.929659747,1.38990822803,28.3781970378,28.8738125623
2009-07-22,5.59626238534,1.61083691843,28.6842045516,28.8738125623
2009-07-23,0.978651368216,1.35201519527,28.6712859293,28.8738125623
2009-07-24,0.0,1.46899586045,30.3589601838,28.8738125623
2009-07-25,0.0,1.43211553874,30.4639600689,28.8738125623
2009-07-26,0.0,1.50904438737,30.820941475,28.8738125623
2009-07-27,0.0,1.8023115584,30.196164249,28.8738125623
2009-07-28,0.0,1.517884959,30.2085936257,28.8738125623
2009-07-29,0.0,1.82960678754,29.9186170342,28.8738125623
2009-07-30,0.0,1.32343491276,27.8662088373,28.8738125623
2009-07-31,0.0,1.62709161539,30.3951304361,28.8738125623
2009-08-01,0.0,1.52090576258,29.1169425021,28.8738125623
2009-08-02,0.0,1.7983295355,30.1601631936,28.8738125623
2009-08-03,0.16173454349,1.56061592531,30.6290799044,28.8738125623
2009-08-04,0.0,1.73816642734,29.1469036702,28.8738125623
2009-08-05,0.0,1.32992246446,29.9424081652,28.8738125623
2009-08-06,6.14517019036,1.66918520311,29.6174212681,28.8738125623
2009-08-07,6.43569696619,1.06164246597,28.7134501639,28.8738125623
2009-08-08,5.41319305977,1.38562997272,28.1494231063,28.8738125623
2009-08-09,0.0,1.37155694506,28.5310961477,28.8738125623
2009-08-10,0.0,1.483746976,29.5958634709,28.8738125623
2009-08-11,0.867468255289,1.7036489034,30.5722325786,28.8738125623
2009-08-12,0.0,1.56449686008,28.9161852933,28.8738125623
2009-08-13,0.0,1.98539869839,29.2544956636,28.8738125623
2009-08-14,5.94514329514,1.46087740646,28.6665362455,28.8738125623
2009-08-15,0.0,1.53569522199,29.8988427151,28.8738125623
2009-08-16,4.1248026805,1.49322723003,30.07331801,28.8738125623
2009-08-17,12.1752918115,1.50627165028,28.0864913169,28.8738125623
2009-08-18,1.91529546427,1.5101909316,28.8352462897,28.8738125623
2009-08-19,0.0,1.69930934236,28.9752320493,28.8738125623
2009-08-20,7.81075666996,1.34326120977,28.3728208649,28.8738125623
2009-08-21,2.03705117408,1.37167069751,28.3054854789,28.8738125623
2009-08-22,0.0,1.08687814099,29.980029524,28.8738125623
2009-08-23,13.5372194333,1.61519517122,28.8869647551,28.8738125623
2009-08-24,5.88204420818,0.879867557729,28.8688580159,28.8738125623
2009-08-25,6.54224362534,1.63831274831,29.1504384373,28.8738125623
2009-08-26,1.25908876269,1.53164629722,28.9704503906,28.8738125623
2009-08-27,0.0,1.61926842138,29.2429054775,28.8738125623
2009-08-28,0.0,1.81565312723,30.3320793195,28.8738125623
2009-08-29,0.841769486331,1.62371187665,29.7020772227,28.8738125623
2009-08-30,9.98812763343,1.62001907558,29.6240958525,28.8738125623
2009-08-31,4.16900639588,1.99078180549,28.8376503205,28.8738125623
2009-09-01,0.0,1.90040703436,31.3132509382,28.8738125623
2009-09-02,0.0,1.81676877215,31.5118928545,28.8738125623
2009-09-03,0.577833625708,1.75840783521,31.4800388679,28.8738125623
2009-09-04,16.0695774796,1.66402528929,29.6328473895,28.8738125623
2009-09-05,5.47915271695,1.44378688496,29.8893777226,28.8738125623
2009-09-06,0.0,1.64681404896,29.5597540823,28.8738125623
2009-09-07,0.23290444492,1.92655337794,31.0553663447,28.8738125623
2009-09-08,0.0,1.46200336365,30.0928322867,28.8738125623
2009-09-09,0.0673374593928,1.57134527303,29.6571444394,28.8738125623
2009-09-10,2.08748856555,1.72181155842,29.8940256312,28.8738125623
2009-09-11,0.0,1.40712041801,29.9406260158,28.8738125623
2009-09-12,0.195966693792,1.98155847694,29.6967151085,28.8738125623
2009-09-13,0.0,1.45564961969,28.4812742726,28.8738125623
2009-09-14,0.0,2.03020609899,29.586865843,28.8738125623
2009-09-15,5.56209380439,1.55898737907,27.7934661179,28.8738125623
2009-09-16,2.71472507648,0.867971114898,28.2426899471,28.8738125623
2009-09-17,1.67260970426,1.22128439753,28.0242280853,28.8738125623
2009-09-18,17.782722666,1.70716293742,28.6532971243,28.8738125623
2009-09-19,2.10337054863,1.8444837814,29.9404130143,28.8738125623
2009-09-20,10.0966928782,1.68672172139,30.4591010447,28.8738125623
2009-09-21,2.51555208678,1.87773494506,30.8273409297,28.8738125623
2009-09-22,6.73790868481,1.57831529553,29.9090869346,28.8738125623
2009-09-23,0.0,1.74248490441,30.2953258686,28.8738125623
2009-09-24,0.0,1.92549714881,31.8391650125,28.8738125623
2009-09-25,0.0,1.81707530611,31.2484143718,28.8738125623
2009-09-26,0.447770065136,1.47915143511,31.2343983168,28.8738125623
2009-09-27,0.26282248872,1.76224946038,30.9600890299,28.8738125623
2009-09-28,0.0,1.69040421957,29.9269554267,28.8738125623
2009-09-29,0.0,1.63341399391,29.1193904234,28.8738125623
2009-09-30,0.0,1.70166607787,30.6805012949,28.8738125623
2009-10-01,2.33015722103,1.93041279075,30.744813469,28.8738125623
2009-10-02,4.48234267449,1.57723616616,29.6900896865,28.8738125623
2009-10-03,9.9604162259,1.56818080752,30.0710365424,28.8738125623
2009-10-04,4.28889200125,1.59862223368,29.6061724545,28.8738125623
2009-10-05,4.96626937255,1.32867529151,29.1888828278,28.8738125623
2009-10-06,0.0,1.72724290644,29.4780749203,28.8738125623
2009-10-07,9.84685100598,1.39369464188,29.4341998797,28.8738125623
2009-10-08,0.632989829846,1.51474156808,29.6270592936,28.8738125623
2009-10-09,0.0,1.68770491273,29.958241902,28.8738125623
2009-10-10,0.0,1.9000742998,30.9882108924,28.8738125623
2009-10-11,21.7359920887,1.54485307517,29.8415351611,28.8738125623
2009-10-12,0.0,1.60335067283,27.5981858714,28.8738125623
2009-10-13,9.51463975799,1.38414788514,27.8936799939,28.8738125623
2009-10-14,4.89835132642,1.39179697599,28.3643135328,28.8738125623
2009-10-15,14.7326469582,1.47938731815,27.1152180447,28.8738125623
2009-10-16,0.0,1.28082651503,27.6007875807,28.8738125623
2009-10-17,0.0,1.40465277768,28.8929540227,28.8738125623
2009-10-18,0.90496308616,1.50891475731,29.6534112009,28.8738125623
2009-10-19,14.6773002067,1.73690521449,28.5522576664,28.8738125623
2009-10-20,0.0,1.32658811634,28.6939306581,28.8738125623
2009-10-21,0.0,1.21846158451,28.2695964856,28.8738125623
2009-10-22,5.35993785537,1.54338034887,29.186949612,28.8738125623
2009-10-23,0.0,1.60804448503,29.6174600794,28.8738125623
2009-10-24,18.2122822772,1.03488680955,28.8530041984,28.8738125623
2009-10-25,6.32139590081,1.52116408241,29.15031791,28.8738125623
2009-10-26,0.0,1.55193684878,29.4925649836,28.8738125623
2009-10-27,15.0372424608,1.70044838846,30.3681642554,28.8738125623
2009-10-28,0.0,1.86767110262,30.3534987589,28.8738125623
2009-10-29,3.9005344048,1.71116041467,29.816542679,28.8738125623
2009-10-30,18.6850724702,1.4273824223,28.3028225417,28.8738125623
2009-10-31,0.0,1.24618732527,28.6537256777,28.8738125623
2009-11-01,18.8335798242,1.26923614807,27.923124099,28.8738125623
2009-11-02,5.17870050066,1.42147844561,27.9942170047,28.8738125623
2009-11-03,3.64701703961,1.39719181382,28.6366588721,28.8738125623
2009-11-04,9.97276014692,1.4180462856,28.3593877299,28.8738125623
2009-11-05,0.718395951089,1.44219434931,28.0539999115,28.8738125623
2009-11-06,17.9364070249,1.20491971528,27.6801692877,28.8738125623
2009-11-07,0.0,1.33491812127,28.3074550414,28.8738125623
2009-11-08,2.335060934,1.5742148978,27.8996729047,28.8738125623
2009-11-09,0.0,1.39520664563,29.4809205559,28.8738125623
2009-11-10,17.112324779,1.74543411544,30.7071764014,28.8738125623
2009-11-11,6.61647448915,1.66714668542,29.7920797327,28.8738125623
2009-11-12,17.8351888067,1.48571388507,29.898037814,28.8738125623
2009-11-13,4.60633592927,1.41028580639,28.3290971049,28.8738125623
2009-11-14,0.0,1.33020697283,28.6402077621,28.8738125623
2009-11-15,0.824630764093,1.58544772796,29.7776450254,28.8738125623
2009-11-16,0.952532757534,1.61884961101,30.2770577977,28.8738125623
2009-11-17,12.4705877733,1.49880646588,28.8858418411,28.8738125623
2009-11-18,2.49231118834,1.47068714694,28.7997228644,28.8738125623
2009-11-19,0.0,1.45029550724,28.4557077644,28.8738125623
2009-11-20,0.0,1.30522171567,31.0818732187,28.8738125623
2009-11-21,0.0,1.51188502017,30.4122341242,28.8738125623
2009-11-22,9.78432913309,1.39867716023,29.9536509567,28.8738125623
2009-11-23,0.268851679363,1.40939945451,29.7533385459,28.8738125623
2009-11-24,2.70628605264,1.70751018203,30.4509420502,28.8738125623
2009-11-25,2.12815210257,1.55706259106,30.4897210625,28.8738125623
2009-11-26,2.51356116841,1.34983207001,30.1456384766,28.8738125623
2009-11-27,7.68159676134,1.37895428465,29.8900424014,28.8738125623
2009-11-28,6.00934853447,1.33999660578,28.8368411546,28.8738125623
2009-11-29,0.0,1.23756485843,28.9276568166,28.8738125623
2009-11-30,0.0,1.17229049125,29.2604573711,28.8738125623
2009-12-01,0.273418978359,1.24371314518,30.1558456421,28.8738125623
2009-12-02,0.0,1.71832606096,31.6063423157,28.8738125623
2009-12-03,0.775899576337,1.66185573648,31.1672374425,28.8738125623
2009-12-04,1.43574634295,1.44349861279,31.4781893612,28.8738125623
2009-12-05,0.347760993443,1.80441886521,32.1995182252,28.8738125623
2009-12-06,3.02352422007,1.54893662554,29.8724091348,28.8738125623
2009-12-07,0.0,1.28849013468,29.7860312515,28.8738125623
2009-12-08,1.30518781469,1.5275248182,30.3751926422,28.8738125623
2009-12-09,0.0,1.67219242755,30.2698171808,28.8738125623
2009-12-10,0.0,1.46455197656,30.3290457779,28.8738125623
2009-12-11,0.0,1.40638101369,29.3868212968,28.8738125623
2009-12-12,1.54987903659,1.46714268374,29.5887554683,28.8738125623
2009-12-13,0.0,1.46461561958,30.2054853118,28.8738125623
2009-12-14,0.0,1.62829944391,31.0082385031,28.8738125623
2009-12-15,0.0,1.75750837165,31.7250989207,28.8738125623
2009-12-16,0.0,1.4365978174,31.4975367557,28.8738125623
2009-12-17,0.0,1.56705906284,30.8536722205,28.8738125623
2009-12-18,11.2120544401,1.31671706746,28.5598634656,28.8738125623
2009-12-19,19.2422518677,0.359621735101,28.1015506487,28.8738125623
2009-12-20,1.70556317019,1.71735265951,27.2731889018,28.8738125623
2009-12-21,15.0788581291,1.6865115956,28.3036066977,28.8738125623
2009-12-22,0.0,1.19066606613,28.855777419,28.8738125623
2009-12-23,0.787901985511,1.40494244688,28.6306386369,28.8738125623
2009-12-24,0.0,1.5911851465,28.6197827371,28.8738125623
2009-12-25,5.74726499065,1.23550015487,29.3250584334,28.8738125623
2009-12-26,3.23303774502,1.66787813353,29.1286365852,28.8738125623
2009-12-27,10.8258095966,1.58046051625,28.4229009178,28.8738125623
2009-12-28,0.487713738774,1.30493109548,27.6636833448,28.8738125623
2009-12-29,0.0,1.53321214338,29.4083575559,28.8738125623
2009-12-30,0.0,1.47346692943,29.8603879521,28.8738125623
2009-12-31,0.0,1.41630351945,31.2456208776,28.8738125623
2010-01-01,0.0,1.78994152519,31.2012542125,28.8738125623
2010-01-02,0.0,1.74557356486,30.6376444999,28.8738125623
2010-01-03,0.0,1.79701875033,31.8675929723,28.8738125623
2010-01-04,0.0,1.75944203339,31.8168719431,28.8738125623
2010-01-05,0.0,1.89855383621,31.3642924234,28.8738125623
2010-01-06,0.0,1.86342793904,30.6362788811,28.8738125623
2010-01-07,0.0,1.48205104437,30.3244571471,28.8738125623
2010-01-08,0.0,1.47856460796,31.3249895974,28.8738125623
2010-01-09,0.0,1.6063976904,31.0582477912,28.8738125623
2010-01-10,0.0,1.49614086982,29.5860475904,28.8738125623
2010-01-11,0.0,1.41894335425,28.9632004084,28.8738125623
2010-01-12,0.0,1.26741194859,30.5878041514,28.8738125623
2010-01-13,0.0,1.60400352451,30.525747835,28.8738125623
2010-01-14,0.0,1.49652647972,32.3275282356,28.8738125623
2010-01-15,0.0,1.77004595553,32.3815760666,28.8738125623
2010-01-16,0.0,1.70566917269,30.5395487882,28.8738125623
2010-01-17,0.0,1.48146090615,30.915279517,28.8738125623
2010-01-18,0.0,1.42611094807,30.8439971838,28.8738125623
2010-01-19,0.0,1.75827725014,31.0214626655,28.8738125623
2010-01-20,0.0,1.42051017284,31.4941538479,28.8738125623
2010-01-21,0.0,1.55669943402,33.0574550843,28.8738125623
2010-01-22,8.34940240356,1.71001761951,33.0875773483,28.8738125623
2010-01-23,0.0,1.60019228833,31.1557050555,28.8738125623
2010-01-24,8.53275370598,1.31022251322,29.4173134579,28.8738125623
2010-01-25,5.60895796036,1.18983213955,30.0430339213,28.8738125623
2010-01-26,0.134766385796,1.47769462794,31.0399050766,28.8738125623
2010-01-27,3.78837145045,1.25882834263,30.8817711091,28.8738125623
2010-01-28,16.1339322208,1.56076850784,31.4393869464,28.8738125623
2010-01-29,3.34854685323,1.43746358357,30.7090403953,28.8738125623
2010-01-30,0.0,1.74509577671,31.7908059238,28.8738125623
2010-01-31,0.0,1.3200083529,31.9581542926,28.8738125623
2010-02-01,0.0,1.69233555606,32.9087111227,28.8738125623
2010-02-02,0.0,1.42624477188,31.6928313609,28.8738125623
2010-02-03,0.0,1.42190428798,32.2057414108,28.8738125623
2010-02-04,0.0,1.42416181457,32.7032532853,28.8738125623
2010-02-05,5.31047579412,1.5422365853,32.2773338489,28.8738125623
2010-02-06,10.9582050891,1.39640092448,29.5278570197,28.8738125623
2010-02-07,0.0,0.917178428575,28.742016503,28.8738125623
2010-02-08,0.0,1.3299322865,31.0206163599,28.8738125623
2010-02-09,9.45364275943,1.581803137,29.6899084456,28.8738125623
2010-02-10,0.0,1.37493484476,29.2947868176,28.8738125623
2010-02-11,0.0,1.53561566385,30.7190723205,28.8738125623
2010-02-12,0.0,1.57945199897,31.8516427372,28.8738125623
2010-02-13,0.0,1.82662389653,32.1815892766,28.8738125623
2010-02-14,13.5394411408,1.70421280486,30.6007699431,28.8738125623
2010-02-15,0.0,1.52565712072,31.272998767,28.8738125623
2010-02-16,2.54614167803,1.73563186372,30.1819001744,28.8738125623
2010-02-17,0.0,1.32068227516,29.7771543224,28.8738125623
2010-02-18,0.0,1.72624657797,31.9246111452,28.8738125623
2010-02-19,0.0,1.8116982452,32.3468281607,28.8738125623
2010-02-20,2.36614107282,1.51085452551,30.1711063599,28.8738125623
2010-02-21,5.57897925645,1.24940887462,33.3137368191,28.8738125623
2010-02-22,2.03704224812,1.55573259579,30.1423630018,28.8738125623
2010-02-23,12.0455183286,1.84040863192,30.5758719069,28.8738125623
2010-02-24,1.45071034753,1.44901278983,29.1523673668,28.8738125623
2010-02-25,14.5086183441,1.63264134627,28.5864772582,28.8738125623
2010-02-26,12.220114574,1.28313505784,28.8922073707,28.8738125623
2010-02-27,0.0,1.74224999246,30.6997378917,28.8738125623
2010-02-28,0.0,2.12782186337,31.4288109769,28.8738125623
2010-03-01,0.0,1.56153268627,30.9019397136,28.8738125623
2010-03-02,17.2975733039,1.57718185361,30.9566227774,28.8738125623
2010-03-03,1.01134646341,1.62756801053,29.5941417566,28.8738125623
2010-03-04,0.0,1.60668547234,29.8509295174,28.8738125623
2010-03-05,0.0,1.58666213041,30.7891891137,28.8738125623
2010-03-06,11.2304854661,1.42388428999,30.6325795034,28.8738125623
2010-03-07,2.41440860877,1.67443776934,31.3785172152,28.8738125623
2010-03-08,0.0,1.8865184074,31.2606413123,28.8738125623
2010-03-09,13.8451552016,1.58234738634,30.0180784933,28.8738125623
2010-03-10,10.7374472457,1.32460108634,30.4597889547,28.8738125623
2010-03-11,14.8368108299,1.81293042992,29.7064914703,28.8738125623
2010-03-12,0.0,1.65189719602,30.4081396896,28.8738125623
2010-03-13,0.692195999488,1.75937140926,30.1247627173,28.8738125623
2010-03-14,1.00165078613,1.39186389661,31.3279155988,28.8738125623
2010-03-15,0.377708836888,1.94295784998,32.058031275,28.8738125623
2010-03-16,6.82962336165,1.86655825042,31.5040061393,28.8738125623
2010-03-17,10.93978053,1.8817127501,30.3549629169,28.8738125623
2010-03-18,7.78989857234,1.45789265365,28.4349628406,28.8738125623
2010-03-19,0.416790147846,1.49490449938,29.1962657671,28.8738125623
2010-03-20,7.81973709149,1.76753106412,29.5353559215,28.8738125623
2010-03-21,0.0,1.78818379359,29.9849136867,28.8738125623
2010-03-22,0.0,1.65793550952,30.167832621,28.8738125623
2010-03-23,0.0,1.58331517959,30.1614750208,28.8738125623
2010-03-24,0.0,1.49706981557,31.8401540263,28.8738125623
2010-03-25,0.0,2.14031075628,32.6320184858,28.8738125623
2010-03-26,10.8297456731,1.84440330307,29.4580658259,28.8738125623
2010-03-27,0.0,1.22053283386,30.0240271493,28.8738125623
2010-03-28,1.73896027147,1.9600081042,30.5854228373,28.8738125623
2010-03-29,0.85461959946,1.52212996697,30.6459376946,28.8738125623
2010-03-30,6.00730390227,1.56780782442,30.1486945634,28.8738125623
2010-03-31,0.0,1.54409072372,29.4088404152,28.8738125623
2010-04-01,0.997640298993,1.69728068287,30.1155885632,28.8738125623
2010-04-02,5.16566082065,1.64456821292,30.9262416925,28.8738125623
2010-04-03,20.883564649,1.75201948975,28.9413269772,28.8738125623
2010-04-04,7.91856057456,1.09510143419,29.4790109141,28.8738125623
2010-04-05,18.8948855561,1.5837508574,28.8223665216,28.8738125623
2010-04-06,15.5504257545,1.59574930855,28.6300843057,28.8738125623
2010-04-07,14.390610877,1.42631916652,28.409506487,28.8738125623
2010-04-08,16.7478443103,1.48468947411,29.2777758395,28.8738125623
2010-04-09,12.3457645245,1.39585014006,29.0647077882,28.8738125623
2010-04-10,1.47931016965,1.46524313996,28.6049849478,28.8738125623
2010-04-11,27.2417978865,1.26050743762,28.2172073407,28.8738125623
2010-04-12,9.44735550613,1.36718701111,28.3510479016,28.8738125623
2010-04-13,9.4431147629,1.62072947052,28.2298872444,28.8738125623
2010-04-14,17.5457841895,1.60532130552,28.8037453555,28.8738125623
2010-04-15,0.0,1.5875906154,27.9243787273,28.8738125623
2010-04-16,4.33273420441,1.40781112869,28.8358785865,28.8738125623
2010-04-17,0.529962748624,1.68008859506,28.2355136014,28.8738125623
2010-04-18,5.58216192749,1.75214303611,30.4704432755,28.8738125623
2010-04-19,20.5631389832,1.67781610837,28.8257552586,28.8738125623
2010-04-20,0.0983180892601,1.49615726444,29.7220674365,28.8738125623
2010-04-21,0.0,1.7800938909,30.3382223108,28.8738125623
2010-04-22,6.50043045805,1.54965591297,30.8530898791,28.8738125623
2010-04-23,0.0,2.01565381784,32.4465619205,28.8738125623
2010-04-24,0.301357116592,1.85872292117,31.1657879862,28.8738125623
2010-04-25,0.0,1.68345194854,30.66006339,28.8738125623
2010-04-26,24.3256300808,1.50340902939,27.9501614731,28.8738125623
2010-04-27,10.2553426764,0.595609901326,27.9977775531,28.8738125623
2010-04-28,12.0668428721,1.71408290943,29.5768598921,28.8738125623
2010-04-29,0.0,1.43958865659,29.2916921551,28.8738125623
2010-04-30,4.61458347621,1.72614784723,28.7292389816,28.8738125623
2010-05-01,0.0,0.605153352692,29.5213668266,28.8738125623
2010-05-02,0.765637772807,1.33744752273,29.6232205723,28.8738125623
2010-05-03,21.0160006405,1.45495187299,28.8960413558,28.8738125623
2010-05-04,6.77612499173,1.39022176319,27.0747987554,28.8738125623
2010-05-05,7.81638823198,0.745063050409,28.8697787081,28.8738125623
2010-05-06,8.05006366633,1.50216563364,28.047008643,28.8738125623
2010-05-07,0.0,1.79031636608,29.3614261499,28.8738125623
2010-05-08,0.0,1.70985099707,30.7070683897,28.8738125623
2010-05-09,0.0,1.99721087499,30.5820195273,28.8738125623
2010-05-10,6.73479116365,1.86397081814,29.950391748,28.8738125623
2010-05-11,0.739112859362,1.6020894881,30.0754423034,28.8738125623
2010-05-12,17.0952657742,1.3282911014,29.2458847346,28.8738125623
2010-05-13,0.0,1.60013005439,28.8408090184,28.8738125623
2010-05-14,0.0,1.47594485122,28.9537213572,28.8738125623
2010-05-15,0.0,1.63552173202,29.5488776303,28.8738125623
2010-05-16,0.0,1.61201480131,30.3917917616,28.8738125623
2010-05-17,4.03260131364,1.53124057175,30.448452103,28.8738125623
2010-05-18,1.54156564863,1.82246171624,30.7945787237,28.8738125623
2010-05-19,3.95647886898,1.83403105548,31.4012518036,28.8738125623
2010-05-20,20.676939975,1.69327526146,29.7638810833,28.8738125623
2010-05-21,18.2879765489,1.40192633666,28.4480992435,28.8738125623
2010-05-22,8.00314850754,1.34939264314,28.2561567714,28.8738125623
2010-05-23,0.0,1.97880393735,29.2249165439,28.8738125623
2010-05-24,0.47082198068,1.56957771403,29.6237334991,28.8738125623
2010-05-25,2.09275464262,1.41160598632,29.1648076733,28.8738125623
2010-05-26,0.139589459709,1.1154893121,28.5378887305,28.8738125623
2010-05-27,12.8603594169,1.25702802251,27.1574160115,28.8738125623
2010-05-28,0.0,1.05868063884,28.3317302747,28.8738125623
2010-05-29,0.0,1.30960757813,29.4495053666,28.8738125623
2010-05-30,12.8994004271,1.46733596352,29.2342102394,28.8738125623
2010-05-31,21.1761204259,0.638967975472,28.823410077,28.8738125623
2010-06-01,7.4110038093,1.11447051268,28.6331535296,28.8738125623
2010-06-02,0.496657307228,1.5527904248,28.5625786728,28.8738125623
2010-06-03,22.2483517079,1.45505203156,28.4675065801,28.8738125623
2010-06-04,0.0,1.50140936723,28.9734744168,28.8738125623
2010-06-05,0.11949730991,1.55458137828,29.322969158,28.8738125623
2010-06-06,0.0,1.87425739846,29.3698544234,28.8738125623
2010-06-07,0.0,1.80923153175,29.2152260127,28.8738125623
2010-06-08,6.33296045561,1.56919630592,29.506311288,28.8738125623
2010-06-09,10.2893897657,1.49837454651,28.0376142009,28.8738125623
2010-06-10,0.0,1.340918991,27.4743263588,28.8738125623
2010-06-11,0.0,1.62799292602,28.6043756678,28.8738125623
2010-06-12,0.0,1.81833649753,28.076720077,28.8738125623
2010-06-13,0.0,1.24055946275,27.3900566315,28.8738125623
2010-06-14,0.0,1.46401285054,27.5999204657,28.8738125623
2010-06-15,19.5044022249,1.66353674015,28.3287918862,28.8738125623
2010-06-16,6.49341250002,1.47480769506,28.6962916342,28.8738125623
2010-06-17,0.924317579591,0.989011038555,28.800789608,28.8738125623
2010-06-18,11.5335093616,1.81889994761,30.1969946529,28.8738125623
2010-06-19,1.76400131054,1.57668018207,28.9494531181,28.8738125623
2010-06-20,28.549689025,1.55508304446,26.941206107,28.8738125623
2010-06-21,0.0,0.985268162877,29.0342247138,28.8738125623
2010-06-22,8.21534526482,1.65670848429,27.960213179,28.8738125623
2010-06-23,0.0,1.51799915748,28.5050640321,28.8738125623
2010-06-24,19.8436667732,1.18586649654,27.7825775361,28.8738125623
2010-06-25,0.602977709824,1.26546004247,28.7047514112,28.8738125623
2010-06-26,22.1784332575,1.53659796045,28.6436861445,28.8738125623
2010-06-27,4.84563840373,1.1542743056,28.1836321541,28.8738125623
2010-06-28,0.0,1.32758398002,28.3554108652,28.8738125623
2010-06-29,12.6305674542,1.52511706647,28.4470062256,28.8738125623
2010-06-30,0.0,1.52130214418,27.3448013777,28.8738125623
2010-07-01,16.2085541286,1.66218846702,28.13138231,28.8738125623
2010-07-02,4.66863908661,1.47158236584,28.1949303231,28.8738125623
2010-07-03,0.0776115910391,1.50693429186,28.8006930833,28.8738125623
2010-07-04,15.4608484761,1.43376141452,28.842804148,28.8738125623
2010-07-05,0.0,1.35663132855,27.7206454545,28.8738125623
2010-07-06,24.4088094797,1.43955498733,27.3588638091,28.8738125623
2010-07-07,18.0838398666,1.60951673315,27.4742527222,28.8738125623
2010-07-08,10.4918264325,1.16999037078,27.7068519164,28.8738125623
2010-07-09,12.1649184763,1.43565343873,28.6077897147,28.8738125623
2010-07-10,3.38933535908,1.66421203131,28.6999143536,28.8738125623
2010-07-11,24.4445209503,1.20410964864,28.6676979065,28.8738125623
2010-07-12,3.2332801926,1.47445811716,27.8730412815,28.8738125623
2010-07-13,0.451728210021,1.46274509055,27.6447687899,28.8738125623
2010-07-14,9.54736184002,1.41107482589,28.5090652423,28.8738125623
2010-07-15,33.4945033427,1.32651511203,27.031744239,28.8738125623
2010-07-16,16.0621128297,0.85466981202,26.7013658245,28.8738125623
2010-07-17,0.0,1.34155824613,26.8399242015,28.8738125623
2010-07-18,9.42668627085,1.56986084279,26.3957212427,28.8738125623
2010-07-19,0.0570837460207,1.56760564949,27.6918947884,28.8738125623
2010-07-20,0.0,1.73382216893,28.5000664572,28.8738125623
2010-07-21,0.0,1.72912276997,28.4991143259,28.8738125623
2010-07-22,0.0,1.65663264039,28.6745903358,28.8738125623
2010-07-23,2.79096917356,1.56548945154,29.0773925781,28.8738125623
2010-07-24,0.141531612096,1.61498595088,28.7942862779,28.8738125623
2010-07-25,0.0,2.00065143725,30.3040091482,28.8738125623
2010-07-26,16.8588865044,1.48964393809,28.8557010822,28.8738125623
2010-07-27,8.15454361948,1.41805189781,28.5199273999,28.8738125623
2010-07-28,0.0,1.53161681904,28.3811344833,28.8738125623
2010-07-29,0.0,1.2425090329,28.229241639,28.8738125623
2010-07-30,0.0,1.50359479899,28.197409962,28.8738125623
2010-07-31,19.5850222405,1.47731323858,27.8007957587,28.8738125623
2010-08-01,8.11896466673,1.0757931712,27.436169185,28.8738125623
2010-08-02,0.0,1.32061813521,28.2241440462,28.8738125623
2010-08-03,0.0,1.74785915653,28.9096311291,28.8738125623
2010-08-04,10.8181298074,1.44472751992,27.384764382,28.8738125623
2010-08-05,0.0,1.88671497013,29.6381560551,28.8738125623
2010-08-06,0.0,1.53764576992,28.6431170689,28.8738125623
2010-08-07,0.0,1.37118819992,28.5163667443,28.8738125623
2010-08-08,0.0,1.57104200995,27.9610277883,28.8738125623
2010-08-09,0.0,1.47868767481,27.6496086978,28.8738125623
2010-08-10,0.0,1.53245776423,29.5907110579,28.8738125623
2010-08-11,0.0,1.65796219365,29.3432521177,28.8738125623
2010-08-12,0.0,1.65994735112,28.5560193223,28.8738125623
2010-08-13,0.0,1.54066467821,26.7144962054,28.8738125623
2010-08-14,0.432613512103,1.74391738886,27.7080234356,28.8738125623
2010-08-15,1.06099753433,1.71789553326,27.682396878,28.8738125623
2010-08-16,0.0,1.36984138274,27.0029241583,28.8738125623
2010-08-17,0.0,1.56813446457,28.1290192765,28.8738125623
2010-08-18,12.5794353967,1.70828796371,26.878765942,28.8738125623
2010-08-19,4.45810910557,1.36311747653,28.4249952295,28.8738125623
2010-08-20,0.0,1.45549801494,26.6958928912,28.8738125623
2010-08-21,0.115348655186,1.29859655627,28.6048866658,28.8738125623
2010-08-22,0.12963379367,1.60324958201,28.402616158,28.8738125623
2010-08-23,0.0,1.67207636458,29.5337344395,28.8738125623
2010-08-24,0.0,1.74717824647,28.5901208299,28.8738125623
2010-08-25,0.0,1.42762013366,28.4358568513,28.8738125623
2010-08-26,7.56403484773,1.49102121391,28.9827728057,28.8738125623
2010-08-27,7.77666402667,1.31524624182,28.3528635475,28.8738125623
2010-08-28,31.477845792,1.85237153862,28.5868880883,28.8738125623
2010-08-29,1.62311431799,1.63074368975,29.1731122478,28.8738125623
2010-08-30,0.0,1.38693140062,29.5717503408,28.8738125623
2010-08-31,0.099163130428,1.72108247307,29.2630643523,28.8738125623
2010-09-01,19.4176267881,1.47777230418,28.4588624761,28.8738125623
2010-09-02,9.18090509565,1.21913358469,26.9282170414,28.8738125623
2010-09-03,0.0,0.834823844808,27.3589064352,28.8738125623
2010-09-04,6.3111721371,1.44893367103,30.1721276487,28.8738125623
2010-09-05,17.7123552065,1.47711246067,27.3084711011,28.8738125623
2010-09-06,6.46325072814,1.85953810376,28.5945004881,28.8738125623
2010-09-07,5.73248871793,1.85500156076,27.3718635688,28.8738125623
2010-09-08,0.725942976019,1.12638802073,27.581551734,28.8738125623
2010-09-09,0.0,1.73140461525,27.7729818794,28.8738125623
2010-09-10,0.0,1.99551073621,27.8779720778,28.8738125623
2010-09-11,0.0,0.672704900918,28.3151570224,28.8738125623
2010-09-12,0.601689140448,1.76997530059,28.8080684576,28.8738125623
2010-09-13,0.0,1.50854976793,29.3594005456,28.8738125623
2010-09-14,0.80910544449,1.63826503111,29.0668889378,28.8738125623
2010-09-15,0.0,1.42321928298,29.1982430447,28.8738125623
2010-09-16,2.89920275399,1.51940260175,29.2803616899,28.8738125623
2010-09-17,0.528978915697,1.69431977192,29.1056774439,28.8738125623
2010-09-18,0.0,1.43194190572,28.429842681,28.8738125623
2010-09-19,5.24846124113,1.68947154618,29.2478187647,28.8738125623
2010-09-20,22.0048516306,1.40773301982,27.4315578375,28.8738125623
2010-09-21,5.39472914814,1.277626493,27.7495139047,28.8738125623
2010-09-22,16.6923681645,1.625312327,28.1818495761,28.8738125623
2010-09-23,3.08071910665,1.66289093387,28.3247489072,28.8738125623
2010-09-24,2.53099440457,0.508475394731,28.1925704827,28.8738125623
2010-09-25,3.5240851788,1.05054580027,27.8713844171,28.8738125623
2010-09-26,4.614307425,0.799243087849,27.8597358746,28.8738125623
2010-09-27,22.0327948345,1.51895242996,28.0947264125,28.8738125623
2010-09-28,6.31504623542,1.38875560948,28.0275932912,28.8738125623
2010-09-29,0.0,1.80493551694,29.0631389189,28.8738125623
2010-09-30,4.26398481948,1.79843998223,28.3156027847,28.8738125623
2010-10-01,0.0,1.63299325209,28.7091116744,28.8738125623
2010-10-02,14.8745331068,1.45953851737,29.018421216,28.8738125623
2010-10-03,0.0,1.42407054446,29.4991904269,28.8738125623
2010-10-04,32.8113238945,1.6470035636,28.2855143601,28.8738125623
2010-10-05,3.67656000545,1.09844559498,27.961382748,28.8738125623
2010-10-06,18.0780138273,1.55150536473,27.6910392247,28.8738125623
2010-10-07,0.0,0.91918558686,29.8127778514,28.8738125623
2010-10-08,2.19127041034,1.55504372281,28.9363233373,28.8738125623
2010-10-09,4.93287576183,1.45868445782,28.0515353599,28.8738125623
2010-10-10,0.0,1.74481777931,30.9724496349,28.8738125623
2010-10-11,0.0,2.14013620977,30.4044912531,28.8738125623
2010-10-12,0.0,1.7065803201,30.3054807856,28.8738125623
2010-10-13,0.0,1.64304775201,30.0095382005,28.8738125623
2010-10-14,2.53206419141,1.67345454988,30.1384837547,28.8738125623
2010-10-15,13.8494217583,1.56514643015,29.160369573,28.8738125623
2010-10-16,6.65282300885,1.27111272732,28.8104478857,28.8738125623
2010-10-17,5.12663192963,1.45564356145,28.1346265814,28.8738125623
2010-10-18,10.759662955,1.06990975878,27.8919282335,28.8738125623
2010-10-19,7.0660638702,1.34441712063,28.084656769,28.8738125623
2010-10-20,8.53637432784,1.4966523875,27.7846926357,28.8738125623
2010-10-21,3.36088784357,1.15439455831,27.7856625975,28.8738125623
2010-10-22,3.83499908447,1.43563425139,27.7588987886,28.8738125623
2010-10-23,25.1175301798,1.44078106961,28.1495447909,28.8738125623
2010-10-24,0.476705695806,1.31997465552,27.5037879944,28.8738125623
2010-10-25,2.24421300781,1.43974824568,26.9833791068,28.8738125623
2010-10-26,0.14287491059,1.34290037932,28.0473598094,28.8738125623
2010-10-27,15.1861842027,1.57670966427,28.6584441367,28.8738125623
2010-10-28,2.09122940664,1.34879738829,28.4551642129,28.8738125623
2010-10-29,4.76228714525,1.22619910454,27.798862693,28.8738125623
2010-10-30,22.2806583897,1.15527485596,27.7448017463,28.8738125623
2010-10-31,38.1992150639,1.36308846581,28.3837007458,28.8738125623
2010-11-01,16.0331111436,1.44063645668,26.9313091107,28.8738125623
2010-11-02,5.58097252149,0.361771152093,28.3010391921,28.8738125623
2010-11-03,3.76679538341,1.5238745976,28.3937165121,28.8738125623
2010-11-04,23.6437259203,1.13679069615,28.0224469431,28.8738125623
2010-11-05,0.584905217203,1.42786724514,29.1859725566,28.8738125623
2010-11-06,60.6061269782,1.32850777835,28.7983354504,28.8738125623
2010-11-07,0.0,1.08416762379,28.2959632231,28.8738125623
2010-11-08,5.23458806584,1.26731511046,27.3400685814,28.8738125623
2010-11-09,1.90668117866,0.956225981203,27.4465477333,28.8738125623
2010-11-10,2.41196171621,1.2511029498,27.952338808,28.8738125623
2010-11-11,32.8586050419,1.12296572763,28.0952818367,28.8738125623
2010-11-12,0.161652865035,1.16952288553,27.3531852894,28.8738125623
2010-11-13,14.7940743157,0.883548208837,26.6147224983,28.8738125623
2010-11-14,30.1636544345,1.10140881378,27.1497181453,28.8738125623
2010-11-15,13.7427243972,1.15489950743,27.8622373088,28.8738125623
2010-11-16,0.0,1.51518756218,27.9445763492,28.8738125623
2010-11-17,58.5368001702,1.63026306201,27.8239833746,28.8738125623
2010-11-18,4.60707927018,1.19764781534,26.7987856919,28.8738125623
2010-11-19,0.0,1.34131346928,25.9190542885,28.8738125623
2010-11-20,8.21981595072,1.51491939486,27.1244079718,28.8738125623
2010-11-21,0.0,1.58850503236,27.3979743143,28.8738125623
2010-11-22,1.13434553682,1.46286630229,27.8619889463,28.8738125623
2010-11-23,11.7320478632,1.45349837019,26.752203502,28.8738125623
2010-11-24,0.0,1.41955690571,27.5088316671,28.8738125623
2010-11-25,4.25918814841,1.53392579716,27.7245207154,28.8738125623
2010-11-26,1.25637074803,1.33035489147,27.6667074996,28.8738125623
2010-11-27,0.0,1.07355811958,28.2215024327,28.8738125623
2010-11-28,20.4167804718,1.27559921983,26.2528925692,28.8738125623
2010-11-29,10.1515620907,1.01027825575,28.6591053009,28.8738125623
2010-11-30,0.644670336434,1.39814742228,29.0128289555,28.8738125623
2010-12-01,5.14721738355,1.15819922793,28.4966285148,28.8738125623
2010-12-02,5.9828924972,0.847570595447,27.4974297513,28.8738125623
2010-12-03,23.1669530761,0.23276393149,26.8506683821,28.8738125623
2010-12-04,24.5561793467,0.703226837549,27.4133064827,28.8738125623
2010-12-05,0.0,1.08341696825,27.6873811658,28.8738125623
2010-12-06,0.0,0.84619895126,28.3770530143,28.8738125623
2010-12-07,20.0192770154,1.52737460913,29.4496975374,28.8738125623
2010-12-08,0.0,1.36323118612,27.7043505894,28.8738125623
2010-12-09,3.27572802211,1.51911714773,28.4318948167,28.8738125623
2010-12-10,0.0,1.13368611523,28.3409554128,28.8738125623
2010-12-11,0.0,1.23320612881,28.6049903912,28.8738125623
2010-12-12,0.0,1.31001661333,29.3195606403,28.8738125623
2010-12-13,26.3412438618,1.08299719484,27.9175294597,28.8738125623
2010-12-14,11.9564547539,1.10122817688,27.4923176498,28.8738125623
2010-12-15,5.25789085131,0.968215537205,27.643224009,28.8738125623
2010-12-16,11.513663158,1.02553384559,27.790403709,28.8738125623
2010-12-17,10.685791455,1.42247942994,28.633570146,28.8738125623
2010-12-18,11.1277321108,1.35218086939,28.1987757308,28.8738125623
2010-12-19,0.0,1.28413933315,26.8208399783,28.8738125623
2010-12-20,4.22873427895,1.30751759417,27.0933547074,28.8738125623
2010-12-21,0.0,1.28927959485,27.4898415898,28.8738125623
2010-12-22,0.0,1.33065250081,27.5295627465,28.8738125623
2010-12-23,0.0,1.18422249998,27.564244924,28.8738125623
2010-12-24,29.3004509358,1.20961120691,27.125149309,28.8738125623
2010-12-25,0.0,1.19587092587,27.9200138349,28.8738125623
2010-12-26,10.380069872,1.28001787689,28.3458391897,28.8738125623
2010-12-27,0.0,1.17302990228,27.9278028467,28.8738125623
2010-12-28,0.0,1.25324021163,28.1444928244,28.8738125623
2010-12-29,13.8350028349,1.33309439461,28.1881304537,28.8738125623
2010-12-30,0.0,1.5694948917,28.9619984145,28.8738125623
2010-12-31,0.0,0.696524005258,29.2211154552,28.8738125623
2011-01-01,0.0,1.53004952495,29.4282285712,28.8738125623
2011-01-02,0.0,1.38750702879,29.8113720926,28.8738125623
2011-01-03,0.0,1.36389806565,29.2888611783,28.8738125623
2011-01-04,8.87706473704,1.31024355701,27.9927779851,28.8738125623
2011-01-05,6.3847602137,1.09708237782,26.6456610219,28.8738125623
2011-01-06,0.0,1.35346124815,27.8209104217,28.8738125623
2011-01-07,11.2694175002,1.36817114675,28.6762980772,28.8738125623
2011-01-08,1.18359104435,1.07987250438,28.5049392186,28.8738125623
2011-01-09,5.41033170464,1.24944120043,28.5229452969,28.8738125623
2011-01-10,0.0,1.31973554177,29.2356501804,28.8738125623
2011-01-11,2.98487886686,1.50385922796,30.2647882312,28.8738125623
2011-01-12,0.0,1.35848448116,29.1696456095,28.8738125623
2011-01-13,2.72539679924,1.48824141668,30.8959993941,28.8738125623
2011-01-14,0.0,1.64884926362,31.1573947735,28.8738125623
2011-01-15,0.0,1.46637659528,30.4878118708,28.8738125623
2011-01-16,6.98901841882,1.65496946855,30.2807077344,28.8738125623
2011-01-17,3.47081529424,1.29513072566,29.3541748818,28.8738125623
2011-01-18,0.0,1.5047034561,28.6892863284,28.8738125623
2011-01-19,0.0,1.38791651672,29.1263091698,28.8738125623
2011-01-20,0.0780009848348,1.32588007343,28.710826038,28.8738125623
2011-01-21,0.0,1.14119435361,28.5766727362,28.8738125623
2011-01-22,0.0,1.38650462065,29.0783643187,28.8738125623
2011-01-23,0.0,1.45147620828,28.7515760272,28.8738125623
2011-01-24,0.0,1.43732739165,29.8665922143,28.8738125623
2011-01-25,0.0,1.80193578125,30.6348265101,28.8738125623
2011-01-26,0.0,1.73947442248,30.9283029149,28.8738125623
2011-01-27,3.84827782063,1.59590047129,29.0013067267,28.8738125623
2011-01-28,5.03849779622,1.53133555477,27.7334327483,28.8738125623
2011-01-29,2.66660966766,1.39726904403,28.3004706951,28.8738125623
2011-01-30,0.117519464386,1.20333701707,29.7934816982,28.8738125623
2011-01-31,0.0,1.78176314375,30.115043383,28.8738125623
2011-02-01,0.174807778905,1.48046507059,29.3170825873,28.8738125623
2011-02-02,0.0,1.3558671086,30.6847220432,28.8738125623
2011-02-03,0.0,1.72287526291,31.1863195226,28.8738125623
2011-02-04,5.7773518723,1.91984914394,30.9653142222,28.8738125623
2011-02-05,3.11750468243,1.45826936438,28.5947609805,28.8738125623
2011-02-06,0.0,1.05349685972,28.9138944604,28.8738125623
2011-02-07,5.24710520198,1.06592820133,27.788134307,28.8738125623
2011-02-08,0.0,1.06719642074,26.8153465142,28.8738125623
2011-02-09,0.259635539537,0.948012035214,26.7521859715,28.8738125623
2011-02-10,2.94539104419,1.45653550411,26.854029259,28.8738125623
2011-02-11,4.12933864486,1.56971482079,27.7995078912,28.8738125623
2011-02-12,17.3578133905,1.3261491596,27.6258475486,28.8738125623
2011-02-13,10.200096567,1.60330059689,28.0262249507,28.8738125623
2011-02-14,21.3593262662,0.5451802387,27.3533024306,28.8738125623
2011-02-15,0.0,0.969573600908,28.4583803027,28.8738125623
2011-02-16,18.9497157108,1.5919605882,28.3738659634,28.8738125623
2011-02-17,12.5178006151,0.966987093513,27.7773940054,28.8738125623
2011-02-18,2.83747630173,1.6912709287,27.9672004828,28.8738125623
2011-02-19,4.65933263302,1.4792876324,27.850822213,28.8738125623
2011-02-20,0.0,1.57752020439,27.7251643492,28.8738125623
2011-02-21,0.0,1.08573719625,28.374500339,28.8738125623
2011-02-22,0.0,1.49644130937,27.9475473125,28.8738125623
2011-02-23,1.21314539534,1.42177091957,28.6097411466,28.8738125623
2011-02-24,17.4710092973,1.02306526297,26.9528955395,28.8738125623
2011-02-25,7.42376639334,1.22875377034,28.3671630902,28.8738125623
2011-02-26,3.04199519586,2.09824106399,29.1672471293,28.8738125623
2011-02-27,7.32051616572,1.3218779229,29.1901784533,28.8738125623
2011-02-28,0.712017396863,1.38318012538,28.5022354126,28.8738125623
2011-03-01,23.3357163119,1.4556950237,28.0295226922,28.8738125623
2011-03-02,0.0,0.750254313598,27.2025703259,28.8738125623
2011-03-03,0.0,1.48988075471,27.2817379598,28.8738125623
2011-03-04,0.0,1.88258272476,26.8241917042,28.8738125623
2011-03-05,2.09675716014,1.64667596308,26.9756393218,28.8738125623
2011-03-06,0.199251341016,1.23635700713,27.183081659,28.8738125623
2011-03-07,0.0,1.41166589367,27.6725781687,28.8738125623
2011-03-08,8.53045395519,1.79857194156,28.1229746744,28.8738125623
2011-03-09,16.4844812329,1.15025531844,27.8951190563,28.8738125623
2011-03-10,24.5704054029,1.2718090703,26.9301445779,28.8738125623
2011-03-11,0.0,1.38901346855,26.3879234657,28.8738125623
2011-03-12,0.0,1.5355899267,27.4197288256,28.8738125623
2011-03-13,0.0,1.71047764012,27.6396400152,28.8738125623
2011-03-14,0.0,1.64430472422,27.3960357837,28.8738125623
2011-03-15,0.0,1.73682237073,27.6757118782,28.8738125623
2011-03-16,0.0,1.65898472673,27.4361469826,28.8738125623
2011-03-17,0.0,1.4863301904,28.4731923221,28.8738125623
2011-03-18,1.20508509004,1.41998138588,28.2962054778,28.8738125623
2011-03-19,12.8841217341,1.31095583385,27.6853272942,28.8738125623
2011-03-20,13.1840971079,1.56143115879,27.5892862041,28.8738125623
2011-03-21,36.7300118864,1.36920958423,27.5636928215,28.8738125623
2011-03-22,0.0,1.17791088645,27.1213619146,28.8738125623
2011-03-23,4.90173407887,1.21188463388,27.1898302657,28.8738125623
2011-03-24,0.0,1.52316936884,28.2926352426,28.8738125623
2011-03-25,18.8184141416,1.76468433959,28.9169511259,28.8738125623
2011-03-26,7.39871429325,1.43719870991,28.4475092299,28.8738125623
2011-03-27,2.24218754018,1.98593966077,29.5169412849,28.8738125623
2011-03-28,7.96765755,1.92709764336,28.7135431525,28.8738125623
2011-03-29,5.02803486385,1.74730833729,29.1694741838,28.8738125623
2011-03-30,0.0,1.68629771136,30.1252334895,28.8738125623
2011-03-31,6.38396851936,1.68951974424,29.8465190845,28.8738125623
2011-04-01,0.759850491299,1.64529545923,29.7861342055,28.8738125623
2011-04-02,16.3236906073,1.80721970489,29.5346005043,28.8738125623
2011-04-03,3.40744944369,1.32984663395,29.1316783348,28.8738125623
2011-04-04,12.2921768681,1.2872771306,29.5386499769,28.8738125623
2011-04-05,6.2572187788,1.66635629702,27.9510740216,28.8738125623
2011-04-06,5.09911843096,0.997958303837,27.3896015253,28.8738125623
2011-04-07,6.4937734336,1.57530106721,27.2954820354,28.8738125623
2011-04-08,0.708344823859,1.2586472155,27.7631893372,28.8738125623
2011-04-09,21.0851652381,1.5924650578,27.340213197,28.8738125623
2011-04-10,23.6917567092,1.36551071151,26.7708470205,28.8738125623
2011-04-11,11.9568159125,1.18772531225,27.2244719173,28.8738125623
2011-04-12,15.9254281333,1.44547019514,27.8327617217,28.8738125623
2011-04-13,2.45677587959,1.38271120291,27.4603896623,28.8738125623
2011-04-14,4.06485706501,1.69014868977,27.912967489,28.8738125623
2011-04-15,18.3779227653,1.32941937848,27.7350407504,28.8738125623
2011-04-16,9.35811772507,1.31019350116,27.0481930851,28.8738125623
2011-04-17,14.8343468677,1.41735695721,27.6257465663,28.8738125623
2011-04-18,0.687334360701,1.36800595482,27.9134798371,28.8738125623
2011-04-19,35.2185722308,1.18646597996,26.6960244768,28.8738125623
2011-04-20,8.09051001474,1.62733589531,26.502016989,28.8738125623
2011-04-21,0.48011570834,1.57115478864,27.0629539918,28.8738125623
2011-04-22,5.95682955324,1.47656493776,26.6912890231,28.8738125623
2011-04-23,6.28966762243,1.44138616658,27.890746706,28.8738125623
2011-04-24,0.0,1.48072947947,27.7713315085,28.8738125623
2011-04-25,26.4020384671,1.81393470523,28.2530891761,28.8738125623
2011-04-26,6.46818882696,1.3722785872,29.0491549674,28.8738125623
2011-04-27,13.3336683605,1.629619147,28.382371581,28.8738125623
2011-04-28,16.3743984994,1.60887281546,27.6476516295,28.8738125623
2011-04-29,2.56655162104,1.3014872476,28.1644089088,28.8738125623
2011-04-30,1.01865158724,1.93756391761,28.4915981936,28.8738125623
2011-05-01,12.3791332781,1.39327156678,28.3029929815,28.8738125623
2011-05-02,13.3071416951,1.39281484518,29.1772549661,28.8738125623
2011-05-03,24.19549822,1.81265992931,29.1943589328,28.8738125623
2011-05-04,8.38125006536,1.51876428288,28.9832139176,28.8738125623
2011-05-05,0.109548049027,1.40210607614,28.3568804237,28.8738125623
2011-05-06,0.0,1.332580111,28.7109307493,28.8738125623
2011-05-07,0.0,1.49695140994,28.401812907,28.8738125623
2011-05-08,0.0,1.36907342043,29.1363719983,28.8738125623
2011-05-09,0.0,1.450828058,29.1388091184,28.8738125623
2011-05-10,0.0,1.44295014826,29.9107644585,28.8738125623
2011-05-11,15.3613077496,1.16700189167,28.8575909861,28.8738125623
2011-05-12,7.79141392333,1.50160124731,28.771789958,28.8738125623
2011-05-13,16.7186249347,0.745633974504,27.5239702289,28.8738125623
2011-05-14,24.5980686016,0.690709379282,27.2220893388,28.8738125623
2011-05-15,0.57736849517,1.42689665114,27.5497237002,28.8738125623
2011-05-16,9.08073203483,1.67677485541,28.0111325939,28.8738125623
2011-05-17,7.95217895508,1.2967208932,27.7507250068,28.8738125623
2011-05-18,0.208347561654,1.76983067427,27.3879240872,28.8738125623
2011-05-19,5.25386571616,1.70192581214,27.513455766,28.8738125623
2011-05-20,0.613109508257,1.56038663628,27.8524433736,28.8738125623
2011-05-21,4.16084156679,1.71590287096,28.0534390653,28.8738125623
2011-05-22,22.5715821513,1.40350342467,27.7753830599,28.8738125623
2011-05-23,0.0,1.38941028279,27.8272361112,28.8738125623
2011-05-24,1.36340327745,1.49572576164,28.0174098926,28.8738125623
2011-05-25,12.3485301907,1.55612150739,28.5064070198,28.8738125623
2011-05-26,11.7232582623,1.59901065907,28.24855648,28.8738125623
2011-05-27,0.0,1.81010804819,28.4025573088,28.8738125623
2011-05-28,0.0,1.16118912081,28.5902978919,28.8738125623
2011-05-29,0.0,1.28171148059,28.875869901,28.8738125623
2011-05-30,0.0,1.4583587325,28.7945257251,28.8738125623
2011-05-31,0.0,1.53351727496,29.4317703033,28.8738125623
2011-06-01,0.0,1.36726609509,28.4052456845,28.8738125623
2011-06-02,5.38996470376,1.14349912392,27.2252751254,28.8738125623
2011-06-03,14.648889922,0.818171351813,27.0818809124,28.8738125623
2011-06-04,15.0065341049,1.17840135901,27.3060223654,28.8738125623
2011-06-05,0.0,1.74530399114,28.8091598039,28.8738125623
2011-06-06,0.0,1.49582126703,28.6512903149,28.8738125623
2011-06-07,9.1863086304,1.37919015563,28.0745986124,28.8738125623
2011-06-08,0.0,1.32815865452,28.5467763536,28.8738125623
2011-06-09,0.0,1.12456524573,29.9129225913,28.8738125623
2011-06-10,0.0,1.47214300713,30.4380435729,28.8738125623
2011-06-11,0.0,1.78376843286,29.6529719749,28.8738125623
2011-06-12,0.0,1.25454679768,29.1716684706,28.8738125623
2011-06-13,0.0,1.51724712902,29.7796643932,28.8738125623
2011-06-14,6.36421395955,1.59922965457,30.352940763,28.8738125623
2011-06-15,0.0,1.16647212023,27.9067021059,28.8738125623
2011-06-16,0.541755826286,1.04741689931,29.2814977196,28.8738125623
2011-06-17,7.9843951303,1.30810254745,28.3918920367,28.8738125623
2011-06-18,2.68819800522,1.23897722062,28.2197768179,28.8738125623
2011-06-19,0.0,1.51486838534,28.4134655427,28.8738125623
2011-06-20,0.403734705421,1.54179857286,28.2021512235,28.8738125623
2011-06-21,0.0,1.55011267341,29.180050282,28.8738125623
2011-06-22,0.0,1.74656755603,29.1772252415,28.8738125623
2011-06-23,8.91022539139,1.52330319399,29.2435705206,28.8738125623
2011-06-24,0.905959659748,1.42864503218,27.6899454567,28.8738125623
2011-06-25,17.3861783917,1.44746895185,28.7870234586,28.8738125623
2011-06-26,0.310815296816,1.40942426746,26.5758065213,28.8738125623
2011-06-27,11.8378067874,1.65371949753,27.5715109364,28.8738125623
2011-06-28,0.182428810034,1.16503357351,27.6112762194,28.8738125623
2011-06-29,15.5852772038,1.67448786002,30.3328490525,28.8738125623
2011-06-30,5.70784500208,1.21777268474,28.320942418,28.8738125623
2011-07-01,11.5105219852,1.37004074354,27.9524700936,28.8738125623
2011-07-02,0.444085230988,1.93612537357,28.6055097044,28.8738125623
2011-07-03,0.0,1.30964079734,28.087730472,28.8738125623
2011-07-04,0.661274272404,1.57319565703,29.4550323701,28.8738125623
2011-07-05,0.0,1.40289363968,28.8226334218,28.8738125623
2011-07-06,15.3466083762,1.4687202459,28.1529557089,28.8738125623
2011-07-07,0.0,1.4249405218,26.8544956807,28.8738125623
2011-07-08,0.0,2.00931697347,28.4443239576,28.8738125623
2011-07-09,0.0,1.66070123067,29.5765184338,28.8738125623
2011-07-10,0.0,1.50403284089,29.556882494,28.8738125623
2011-07-11,0.0,1.61602395036,28.1539916992,28.8738125623
2011-07-12,0.0,1.13605315632,28.1889323331,28.8738125623
2011-07-13,13.1735085155,1.35083495633,27.3304282199,28.8738125623
2011-07-14,13.4368912933,1.25531803222,27.017500138,28.8738125623
2011-07-15,12.258456198,1.26634546344,27.030443213,28.8738125623
2011-07-16,0.0,1.44923975361,26.7800524208,28.8738125623
2011-07-17,0.0,1.88968847709,27.9407235049,28.8738125623
2011-07-18,0.241863486472,1.42022236947,28.5443129807,28.8738125623
2011-07-19,0.0,1.45427612776,29.3205222441,28.8738125623
2011-07-20,0.128580939904,1.89827119634,29.5715730646,28.8738125623
2011-07-21,3.94415306241,1.79953645722,29.4193259893,28.8738125623
2011-07-22,0.0,1.44446966219,28.6462838034,28.8738125623
2011-07-23,0.0,1.61389981361,28.5319080138,28.8738125623
2011-07-24,0.0,1.44978166698,28.2363975396,28.8738125623
2011-07-25,0.0,1.17309071911,28.0270119785,28.8738125623
2011-07-26,0.0,1.65919060787,28.8183214423,28.8738125623
2011-07-27,0.16382029887,1.42604540439,29.0318422425,28.8738125623
2011-07-28,9.76022822669,1.63991182842,28.0640439451,28.8738125623
2011-07-29,22.083108184,1.09724568986,26.7973735681,28.8738125623
2011-07-30,4.51453132844,0.782452060935,27.6346857307,28.8738125623
2011-07-31,3.27236069454,1.68282345038,28.6457517388,28.8738125623
2011-08-01,0.794676089555,1.70836846346,27.7565200248,28.8738125623
2011-08-02,2.66532499871,1.47112610501,29.0000636283,28.8738125623
2011-08-03,5.44743642378,1.6186039046,29.1185111357,28.8738125623
2011-08-04,0.354857704613,1.32160042511,29.1775740077,28.8738125623
2011-08-05,0.0,1.89249072986,28.8175872417,28.8738125623
2011-08-06,0.0,1.50940660948,28.7835026645,28.8738125623
2011-08-07,0.0,2.04502318414,29.5817627639,28.8738125623
2011-08-08,0.0,1.93478273408,30.2293512151,28.8738125623
2011-08-09,0.0,1.87237100119,29.8805344399,28.8738125623
2011-08-10,0.0,1.81825412793,29.3386144102,28.8738125623
2011-08-11,0.0,1.4782421388,29.5056071335,28.8738125623
2011-08-12,1.83459112617,1.80221143733,29.9124135435,28.8738125623
2011-08-13,0.0,1.54118929552,29.3085693188,28.8738125623
2011-08-14,0.0,1.45426863499,28.1530263665,28.8738125623
2011-08-15,8.54431950644,1.2881358594,27.6907976558,28.8738125623
2011-08-16,2.86979574568,1.63475753886,27.7884896953,28.8738125623
2011-08-17,0.0,1.46247131905,27.310747961,28.8738125623
2011-08-18,0.0,1.43433187517,28.5518560517,28.8738125623
2011-08-19,14.8863880768,1.54973406872,28.8450988812,28.8738125623
2011-08-20,3.6968975335,1.54656681988,28.4116279516,28.8738125623
2011-08-21,0.0,1.73433462689,27.6634766225,28.8738125623
2011-08-22,4.71963160226,1.71015377661,28.1660969552,28.8738125623
2011-08-23,2.02972094397,1.519949688,28.5347673866,28.8738125623
2011-08-24,14.6080093277,1.33075779743,27.648828185,28.8738125623
2011-08-25,0.370551015554,1.68581383014,28.3769014337,28.8738125623
2011-08-26,0.0,1.3888543362,28.2371438916,28.8738125623
2011-08-27,0.0,1.27581121948,28.675147303,28.8738125623
2011-08-28,7.08806787984,1.84316127756,28.8701912741,28.8738125623
2011-08-29,12.0408903347,1.66487376342,29.6532634349,28.8738125623
2011-08-30,0.0,1.64585655325,29.9031902056,28.8738125623
2011-08-31,0.414500536544,2.00957718592,30.8382518211,28.8738125623
2011-09-01,0.0,1.67832576291,28.9530399837,28.8738125623
2011-09-02,0.0,1.54501826844,28.4568196843,28.8738125623
2011-09-03,0.0,1.77689758981,28.8748381968,28.8738125623
2011-09-04,0.0,1.70705014668,29.0242880703,28.8738125623
2011-09-05,0.0,1.61070071445,28.9216894085,28.8738125623
2011-09-06,0.510647077239,1.69515933615,30.5378545054,28.8738125623
2011-09-07,0.0,1.71997754761,29.0459822751,28.8738125623
2011-09-08,0.452933665072,1.62050670051,28.8198744099,28.8738125623
2011-09-09,0.0,1.3451144039,27.0339526487,28.8738125623
2011-09-10,3.48465329074,1.84380380357,28.2542018676,28.8738125623
2011-09-11,15.0782648633,1.75942195265,28.3808658257,28.8738125623
2011-09-12,0.770861132761,1.63234934914,28.5252664759,28.8738125623
2011-09-13,0.0,1.61570713359,29.4242140952,28.8738125623
2011-09-14,0.0,2.1681727479,30.312209783,28.8738125623
2011-09-15,0.0,2.03428777952,30.1144915163,28.8738125623
2011-09-16,10.3527643011,1.80809902073,28.4478612107,28.8738125623
2011-09-17,13.7385031025,1.62450136897,28.0049813517,28.8738125623
2011-09-18,1.9056800778,1.03272710824,28.5441219244,28.8738125623
2011-09-19,5.46710385098,1.62564835923,27.5419971809,28.8738125623
2011-09-20,11.7918711994,1.78711728032,28.2737781439,28.8738125623
2011-09-21,3.16440434938,1.79714226455,29.8088215817,28.8738125623
2011-09-22,0.0,1.67957567231,29.7581530582,28.8738125623
2011-09-23,0.0692166907064,1.77009321331,28.9470770975,28.8738125623
2011-09-24,23.0880538105,1.55934210976,29.1496589532,28.8738125623
2011-09-25,14.6252525255,1.6114354522,28.700919312,28.8738125623
2011-09-26,2.36414376805,1.30243070072,27.4067531329,28.8738125623
2011-09-27,0.0,1.44600369287,29.3092082592,28.8738125623
2011-09-28,9.54192358724,1.96203913849,29.6253723616,28.8738125623
2011-09-29,7.19123417608,1.62201732196,29.708631044,28.8738125623
2011-09-30,0.0,1.64938837223,28.9652405428,28.8738125623
2011-10-01,21.9420389218,1.73474923814,29.8305599984,28.8738125623
2011-10-02,1.08874194542,1.54136850727,28.6064518061,28.8738125623
2011-10-03,17.4587410166,1.05718312036,28.5817359324,28.8738125623
2011-10-04,0.806472467573,1.58822283182,28.5559975485,28.8738125623
2011-10-05,10.8316318855,1.2435741371,28.5292092655,28.8738125623
2011-10-06,10.4126852443,1.76419669725,29.046983226,28.8738125623
2011-10-07,4.55531019843,1.60695268197,29.3023721288,28.8738125623
2011-10-08,10.0845410074,1.48109635342,28.8832393389,28.8738125623
2011-10-09,0.0,1.04228317738,29.7196523045,28.8738125623
2011-10-10,9.46088235298,1.48404133588,28.295743728,28.8738125623
2011-10-11,0.245234628742,1.57722866401,28.0534384224,28.8738125623
2011-10-12,1.80218262083,1.54033287054,28.3280354189,28.8738125623
2011-10-13,23.7520361268,1.43490981788,27.9121670669,28.8738125623
2011-10-14,10.7988528991,1.56016526865,28.236093414,28.8738125623
2011-10-15,27.8354279593,0.691907872645,26.8554604777,28.8738125623
2011-10-16,10.5861164425,1.30921071835,27.0245525703,28.8738125623
2011-10-17,4.28921315375,0.929211528783,26.6315413271,28.8738125623
2011-10-18,22.1247202841,1.06051557252,25.9048244819,28.8738125623
2011-10-19,3.86353459519,1.5578539559,27.092244309,28.8738125623
2011-10-20,14.6754706415,1.49015733231,26.3348467752,28.8738125623
2011-10-21,2.05387001895,1.09406532464,26.6960331563,28.8738125623
2011-10-22,0.0,1.34794799531,26.9598939874,28.8738125623
2011-10-23,0.0,1.51025177388,28.4258492716,28.8738125623
2011-10-24,9.50164381306,1.46464086517,27.5607577763,28.8738125623
2011-10-25,2.00261587507,1.31893577736,28.1963281953,28.8738125623
2011-10-26,0.0,1.5496367484,28.6110716188,28.8738125623
2011-10-27,0.0,1.66498323103,28.6562657946,28.8738125623
2011-10-28,26.1781007895,1.59724310409,29.5615599343,28.8738125623
2011-10-29,0.0,1.47630145577,28.4291300399,28.8738125623
2011-10-30,25.2876864873,1.53234545167,28.0940534613,28.8738125623
2011-10-31,0.0,1.35522222787,27.5849284483,28.8738125623
2011-11-01,0.0,1.548428873,29.6993244043,28.8738125623
2011-11-02,2.27150649703,1.40412159716,29.5424293561,28.8738125623
2011-11-03,22.9851506694,1.43943283129,29.366146752,28.8738125623
2011-11-04,0.432298590628,1.07585728704,28.9710073578,28.8738125623
2011-11-05,0.447907699628,1.26978786876,28.8862607077,28.8738125623
2011-11-06,9.5679097122,1.47438649381,29.0666535195,28.8738125623
2011-11-07,0.0,1.45833395572,29.3195872146,28.8738125623
2011-11-08,2.84409301201,1.18898323078,27.9198112488,28.8738125623
2011-11-09,25.9673929429,0.911387227894,28.0679340577,28.8738125623
2011-11-10,0.0,1.48332437772,28.9399561507,28.8738125623
2011-11-11,16.1373278907,1.47898577304,28.623294616,28.8738125623
2011-11-12,20.9869541961,1.23670799009,27.5499834854,28.8738125623
2011-11-13,32.9078843942,0.905090595899,27.0923177741,28.8738125623
2011-11-14,0.0,0.921929804797,28.0865324642,28.8738125623
2011-11-15,0.445384636354,1.17658276236,28.9401178467,28.8738125623
2011-11-16,13.8835415787,0.808660177702,28.9258411065,28.8738125623
2011-11-17,31.7696225241,0.420873377095,27.9798274094,28.8738125623
2011-11-18,13.9780101294,0.840174230967,28.0293824271,28.8738125623
2011-11-19,0.0,1.46503021878,27.5427731075,28.8738125623
2011-11-20,7.7679890354,1.66275708863,27.710496281,28.8738125623
2011-11-21,10.998723373,1.25863600715,27.4689742528,28.8738125623
2011-11-22,12.1595134092,1.40303684888,27.7604365831,28.8738125623
2011-11-23,6.64820212461,1.09981067663,27.6067063407,28.8738125623
2011-11-24,16.967089578,1.28694859649,27.6819996566,28.8738125623
2011-11-25,0.489607500226,1.44826497389,28.2728228837,28.8738125623
2011-11-26,0.0,1.01444277268,28.7165271673,28.8738125623
2011-11-27,6.00308268258,1.29527531313,28.5603390597,28.8738125623
2011-11-28,1.33980269378,0.928481018945,29.0073434637,28.8738125623
2011-11-29,27.762896302,0.571323301685,27.7255358107,28.8738125623
2011-11-30,0.135177055102,0.537616320206,27.5436243636,28.8738125623
2011-12-01,21.4991881767,1.5132763225,28.4209293194,28.8738125623
2011-12-02,0.0,1.36707795872,28.7637681854,28.8738125623
2011-12-03,0.0,1.43424904346,27.2468012049,28.8738125623
2011-12-04,20.8649492157,1.04399086183,28.0650951514,28.8738125623
2011-12-05,27.574897016,1.1729662338,27.3829975985,28.8738125623
2011-12-06,14.6578099433,0.319486154264,27.3617887818,28.8738125623
2011-12-07,38.0727832344,0.854590718666,27.2585893695,28.8738125623
2011-12-08,0.0,0.766159919541,26.853060133,28.8738125623
2011-12-09,0.0,1.04206512081,27.9621552242,28.8738125623
2011-12-10,0.0,1.419752054,28.7255815656,28.8738125623
2011-12-11,3.22538731607,1.33089631461,28.846142501,28.8738125623
2011-12-12,8.38790295633,1.39298097069,27.8849044757,28.8738125623
2011-12-13,0.0,0.827319361521,27.5969457948,28.8738125623
2011-12-14,0.0,1.38855902399,28.3329351189,28.8738125623
2011-12-15,0.0,0.351094724087,27.9217181045,28.8738125623
2011-12-16,3.17814589083,0.827952074201,27.6090448144,28.8738125623
2011-12-17,19.0457994804,1.51740529698,27.8790614739,28.8738125623
2011-12-18,4.88676478354,1.15049255564,27.8256024136,28.8738125623
2011-12-19,3.2318125414,1.26234938991,27.8286063376,28.8738125623
2011-12-20,0.0,1.18987191393,28.2953194179,28.8738125623
2011-12-21,0.0,1.4834142401,28.817728064,28.8738125623
2011-12-22,0.0,1.41411104095,29.7889861846,28.8738125623
2011-12-23,0.0,1.63025419364,31.1473629555,28.8738125623
2011-12-24,0.0,1.41887227739,29.7805285507,28.8738125623
2011-12-25,0.0,1.54048686215,28.9199863177,28.8738125623
2011-12-26,0.0,1.44205349483,29.933969862,28.8738125623
2011-12-27,0.0,1.36059601521,29.1106847913,28.8738125623
2011-12-28,0.0,1.25664380963,28.9413496296,28.8738125623
2011-12-29,0.0,1.21259548959,28.3273931782,28.8738125623
2011-12-30,17.1321065453,1.2009919922,29.109894356,28.8738125623
2011-12-31,0.0,1.42981497625,29.9841050995,28.8738125623
