   0.49
   0.00
   1.59
   0.31
   1.17
  15.84
  11.43
   7.06
   3.16
   1.23
   1.14
   0.48
   3.51
   0.25
   1.52
   2.97
  12.55
   4.28
  10.84
   1.92
   0.14
   0.45
  37.58
   0.88
   0.77
   0.13
   0.41
   3.47
   3.64
  33.86
   5.75
  33.43
   0.45
   0.21
   3.59
   0.30
   6.36
   1.96
   2.10
   0.51
   7.07
   0.83
  10.41
   1.13
  12.45
   3.18
   2.35
   0.63
   0.14
   4.24
   0.86
   2.45
   0.60
   0.45
  11.37
   2.78
   0.50
   2.95
   1.25
   1.32
   1.10
  13.87
   4.04
   0.16
   0.64
   2.69
   0.04
   2.32
   0.34
   0.30
   4.59
   5.61
   1.02
  12.16
   7.24
   1.74
   6.75
   9.26
   0.70
  12.13
   2.75
  11.85
   0.75
  11.87
   7.99
  17.34
  26.01
  24.92
   1.62
  17.53
  10.49
  23.05
   0.70
   0.47
   0.04
   0.03
   0.95
  24.18
   0.27
   4.62
  29.16
  25.30
   0.29
   1.32
  15.28
   0.04
   0.06
   0.05
   0.37
   0.02
   2.16
   0.00
   0.22
  17.84
   0.15
   0.38
   0.03
   0.15
   0.89
  20.86
   0.11
  29.62
  33.61
   2.87
   0.81
   5.89
  10.24
   5.31
   0.22
   0.10
   0.93
   1.24
  13.85
   0.10
   0.09
   1.12
   6.31
   0.70
   0.53
   0.00
   0.00
   0.00
   0.00
   0.02
   5.24
   0.08
   0.06
   5.74
   0.99
   5.14
   0.39
   0.01
   0.00
   0.00
   0.00
   2.10
   0.21
   0.49
  22.36
   0.33
   5.90
  20.85
  20.79
   2.37
   0.01
   4.40
   8.82
   0.04
   0.07
   0.09
   4.37
   0.09
  34.21
   3.56
   0.03
   3.30
   0.00
   0.00
   0.00
   0.15
   0.86
   5.40
   1.41
   1.07
   0.73
   0.01
   0.62
   0.00
  15.33
   0.07
   0.00
   0.41
   0.06
   0.70
   0.01
   0.74
   0.00
   0.14
   0.30
   0.00
   0.42
   0.45
  14.32
   0.60
   0.00
   0.00
   0.00
   0.00
   0.02
   0.01
   0.00
   0.00
   0.01
   0.00
   0.01
   0.00
   0.01
   1.25
   0.85
   1.88
   0.46
   0.02
   0.67
   0.00
   1.23
  11.42
   0.04
   4.38
   3.29
   0.31
   1.52
   0.46
   4.40
   0.05
   5.93
  16.49
  13.82
   1.88
   0.00
   0.00
   0.04
   3.24
  12.87
   0.00
   0.01
   0.07
   2.32
   4.01
   0.01
   0.61
   0.21
   0.09
   2.12
   0.01
   0.00
   0.04
   1.92
  12.28
  13.68
  10.58
  18.18
   0.35
   0.01
   0.20
   0.45
   0.00
   0.00
   0.02
   0.19
   0.02
   0.00
   0.00
   0.00
   0.19
   3.12
   7.15
   5.21
   0.06
   0.00
   0.88
   1.98
   0.00
   0.08
   2.18
   1.45
   9.53
   5.68
  10.07
   0.00
   1.23
   1.58
   3.49
   2.62
   0.14
   0.28
   0.07
  50.41
   1.06
   0.00
   2.09
   0.10
   0.52
  10.61
   1.60
   2.73
  17.91
   7.09
   1.68
  12.48
  20.45
   1.34
   2.58
   0.69
  10.73
   6.47
  22.08
   3.85
   0.72
   0.20
   3.27
   8.58
   4.26
   0.03
   0.34
   0.17
   0.98
   0.01
   1.68
   0.08
   0.28
   3.48
   2.86
   0.40
   0.05
   1.80
   0.01
   0.00
   0.25
   0.14
   2.31
   0.10
   1.56
   0.06
   0.02
   0.40
   0.11
   0.01
   0.04
   0.25
   0.11
   0.34
  20.82
  28.40
   0.63
   8.61
   0.10
   0.31
   0.19
  23.46
  15.36
  14.27
   0.06
   0.33
   0.02
   0.42
   0.75
   0.47
   0.13
   0.01
   0.48
   0.08
   0.01
   0.07
   0.03
   1.47
   0.86
   0.01
   0.93
   0.48
   0.11
   0.00
   0.07
   0.31
   0.04
   0.16
   0.44
   1.84
   3.43
   4.94
   2.15
   0.39
   3.60
   9.56
   0.29
   0.03
   0.02
   0.07
   0.05
   0.04
   0.01
   0.48
   5.96
   0.48
   0.18
   5.62
   0.42
   0.23
   0.00
   0.09
   6.35
   0.01
   0.16
   0.08
   0.03
   0.12
   0.40
   3.63
   1.07
  25.44
   2.75
  11.96
  14.70
   0.30
   0.05
   0.03
   2.38
   2.03
   0.01
   0.01
   7.28
   1.38
   0.54
   1.80
  14.82
  11.87
   0.06
   0.18
  11.72
   0.06
   0.27
   2.96
   2.01
   0.07
   1.84
   0.00
   1.96
   1.86
   2.08
   0.06
   1.87
   0.03
   0.08
   1.11
   8.59
   0.45
   0.95
   2.68
   4.18
   1.48
  23.08
  12.69
  19.49
  33.02
  12.22
   0.66
  36.26
   3.38
   5.91
  18.70
   3.10
   8.55
   1.51
   0.42
  20.90
   0.17
   4.42
   0.03
   0.20
   2.64
   2.03
  39.64
   1.12
   7.32
   0.17
   2.65
   0.01
   1.32
  50.37
   6.54
   3.20
  16.51
   0.04
   0.08
   0.68
   0.93
   0.28
   2.01
   0.00
   0.00
   0.25
   0.29
   8.44
   2.54
   2.64
   8.61
   9.29
   9.38
   0.45
   2.18
  18.27
   4.06
  17.74
   0.07
   0.47
   4.58
  13.70
   4.61
   2.12
   7.77
   0.00
   3.66
   0.97
   0.01
   4.50
   4.65
   0.07
   0.00
   1.46
   0.93
   1.17
  24.68
   1.26
   0.63
   3.97
   1.70
  18.14
   7.85
   5.18
   0.44
   8.27
   0.24
  12.94
   1.45
   0.00
  26.56
   4.09
  10.33
  29.37
   0.26
  11.08
   3.11
  23.17
  21.34
   5.47
   7.64
   1.21
   4.47
   1.83
   6.75
  13.45
  14.09
  22.62
   0.03
   0.12
   0.01
   1.35
   0.86
   0.01
   8.61
   0.01
   0.04
   7.92
   8.62
   0.04
   1.07
   0.22
  16.14
   8.25
   0.26
  14.24
  17.88
   0.00
   0.12
   0.70
   0.20
   0.12
   0.00
   0.00
   4.81
   6.32
   1.86
   3.39
   0.18
   0.15
   1.72
   4.45
   0.56
   0.00
   0.00
   0.00
   0.34
   2.08
   4.92
   3.01
   2.26
   1.63
   0.00
   1.51
  26.57
  11.44
   0.01
   2.23
   6.29
   6.27
   3.82
   3.53
   0.40
   1.50
   0.05
   0.14
   0.02
   0.61
   0.71
   0.86
   2.50
   0.42
   0.09
  19.23
  12.16
   5.55
   7.79
   3.06
   5.72
   4.95
  10.49
  23.97
   5.04
   7.23
   9.36
   2.92
   1.26
  22.02
   1.96
  16.83
   1.48
  10.35
   1.79
   0.01
   0.02
   0.02
   0.01
   0.12
   0.92
   6.33
   5.53
   4.68
   1.92
   6.22
  10.82
   1.49
   1.34
   2.50
   1.86
  21.42
  20.86
   7.97
   0.88
   3.55
   9.11
  11.23
  10.05
   2.82
   1.54
   0.41
  43.83
   1.63
   0.74
   2.44
  12.12
  42.14
   0.95
   2.90
   7.63
   5.11
   1.25
  27.68
   2.86
   4.71
   6.73
   0.27
   9.84
   2.38
   5.37
   4.73
   1.17
   9.98
   9.60
   2.29
   0.33
   1.62
   4.66
  14.86
  27.21
   0.27
   0.00
   4.53
   5.36
   9.10
   1.90
   0.30
   0.88
  12.87
   1.76
   2.45
   8.66
   3.62
   7.32
   2.54
   4.26
   1.92
   0.93
   2.11
  70.41
   0.59
  31.00
   0.06
   0.72
  11.90
   0.01
   0.04
   0.27
   0.13
  10.03
  26.94
  26.71
   3.44
   3.33
   0.77
   3.66
   0.05
   0.00
   3.16
   5.60
   2.76
   1.18
   2.26
   0.16
   0.72
   0.18
   0.30
   0.55
   0.08
   0.08
   0.17
   0.57
   0.07
   0.66
   0.39
   0.67
   0.43
   0.11
   0.65
   0.01
   0.01
   1.40
   1.59
   3.78
  19.02
   5.78
   5.23
   0.73
   4.13
  14.57
   3.70
  12.93
   1.31
  24.45
   1.30
   1.47
   4.77
   5.46
   0.58
   1.39
   9.72
  13.45
   2.98
   0.82
   3.18
   6.43
  30.17
   1.77
   8.43
   4.96
   3.24
  10.95
   2.82
   6.68
  21.61
   7.93
   0.04
   0.01
   0.30
   0.12
   0.57
   0.25
   1.52
   8.67
   3.87
  14.20
  54.60
   0.69
   5.19
   1.58
  22.89
   1.92
   0.13
   4.36
   0.11
   0.01
  29.71
   1.88
   9.83
   0.41
  17.12
   9.44
  17.90
   5.52
  10.09
   4.03
  30.65
   5.24
  10.02
   6.27
   8.42
  26.28
   7.98
  13.32
  12.28
  19.62
  21.19
   1.86
  17.34
   4.95
   0.21
  23.83
   6.08
   6.50
   7.21
   0.29
   2.63
  19.20
   7.29
  24.88
   0.48
   0.54
   0.48
   0.96
   0.06
   0.07
   0.07
  21.80
   3.52
   6.71
  18.79
   0.73
   1.78
   3.50
   0.13
   1.18
   0.07
   0.59
  19.87
   7.27
   2.39
  18.59
   4.71
   0.07
   1.15
   1.80
   0.53
   0.66
   0.71
   8.84
  19.67
   8.82
   0.51
   3.03
  12.43
   0.57
   0.49
   0.04
   0.05
   0.19
   0.17
   0.47
   0.01
   0.06
   2.41
   5.68
   2.20
  20.38
   8.15
   0.28
   6.29
   0.32
  25.11
   2.14
   1.24
   0.05
   1.42
   2.77
   0.98
   2.38
  11.96
   0.50
   0.00
   3.71
   0.17
   0.00
   0.00
   0.09
   2.55
   6.01
   9.43
   2.00
  29.91
   1.36
   3.89
   8.37
   1.10
   0.63
   2.60
   0.00
   0.00
   0.00
   0.03
   0.03
   0.02
   4.76
  11.58
  10.51
   2.37
   1.00
   2.06
   7.19
   0.12
   0.01
   0.00
   0.00
   0.00
   0.00
   0.01
   0.40
   7.22
   0.00
   0.75
   4.13
   1.21
   0.86
   1.14
  12.18
   7.04
   0.31
   1.05
  11.25
   4.79
   0.12
   0.12
   0.01
   0.86
   6.51
   0.00
   0.02
   0.00
   0.00
   0.23
   0.09
   0.00
   0.04
   0.49
   9.97
   0.90
   5.59
  20.17
   0.05
   0.01
   9.24
   1.73
   0.15
   4.10
   4.22
   7.27
   0.06
   0.17
   4.46
   2.36
   4.70
   9.98
   0.04
   0.00
   0.83
   6.94
   3.74
   6.55
   2.68
   9.47
   8.30
   5.37
   3.13
   4.08
   9.74
   0.38
  12.77
   0.62
   2.42
  13.37
   3.58
   3.66
  32.61
   7.82
  18.90
   0.09
   0.61
   0.46
   0.13
   0.05
   2.57
   4.06
   6.82
   0.01
  15.03
   0.25
   7.55
   0.00
   0.01
   0.08
  20.32
   0.23
   3.87
  14.48
   4.75
  37.23
  20.71
   9.70
  13.50
  15.12
  13.40
   9.48
   5.82
   9.91
  15.15
  13.38
   4.82
   7.34
   4.62
  10.10
   8.10
  23.07
   1.56
   5.67
   8.19
   1.71
   5.65
   0.48
   7.95
   4.23
  16.89
   3.30
  12.69
  23.28
  29.92
   4.38
   1.69
   0.05
   0.23
  10.22
   0.19
  11.44
  14.01
  14.43
   3.62
   5.45
  11.25
   4.45
   0.01
   0.02
   0.00
   0.12
   0.32
   0.02
   0.00
   0.02
   1.17
   5.60
   0.37
