0.000000000000000000e+00
0.000000000000000000e+00
0.000000000000000000e+00
0.000000000000000000e+00
4.917254908701007565e+00
1.196421273370807015e+01
1.494465299670615899e+01
2.247750453734665754e+00
1.863605659999204578e+00
0.000000000000000000e+00
0.000000000000000000e+00
0.000000000000000000e+00
7.556630681070048983e-01
0.000000000000000000e+00
3.488109567192163141e+00
0.000000000000000000e+00
6.892099150111166139e+00
4.896814485614219059e+00
1.286858222189913903e+01
1.083550560876224900e+01
0.000000000000000000e+00
1.366370340411582784e+00
3.124106758632017034e+01
0.000000000000000000e+00
0.000000000000000000e+00
0.000000000000000000e+00
0.000000000000000000e+00
3.226949804284599210e+00
6.138416997502359473e-01
1.981639079833298567e+01
1.875002671895402173e+01
2.393074494265438545e+01
1.405941502431805323e-01
0.000000000000000000e+00
5.885681543457373932e-01
0.000000000000000000e+00
5.014334153593256183e-01
0.000000000000000000e+00
9.430042352569238062e+00
0.000000000000000000e+00
1.393766803955763933e+01
2.272017875414216181e+00
1.309300657336631524e+01
5.476901975910315024e+00
1.566591486770115615e+01
8.067370425449328364e-01
4.535443809595001152e-01
0.000000000000000000e+00
0.000000000000000000e+00
8.021474216761214748e+00
0.000000000000000000e+00
1.015819013788459069e+00
1.858471077479673328e+00
0.000000000000000000e+00
6.714938774537504429e+00
2.510284788153144819e-01
2.066993954476345763e-01
3.375802854473671122e+00
2.760131985953684808e+00
9.371353578031733633e+00
6.266922779297560808e+00
5.747448342569758672e+00
0.000000000000000000e+00
4.917799612109580387e+00
4.762742385435639880e-01
6.415810263558720195e+00
1.761580135045426543e+00
1.176581234878368676e+01
6.652559537566109515e-01
0.000000000000000000e+00
3.385300261251042442e-01
8.374239717976431407e+00
0.000000000000000000e+00
5.635411701845319143e+00
8.880291879846808456e+00
1.441485603739706356e+01
2.183280751946266918e+00
8.734885858685782267e+00
0.000000000000000000e+00
1.220442455806089344e+00
1.463424082552449157e+00
1.985758799649356376e+01
6.730209843496258448e-02
1.955967787410435932e+01
1.321692402443189307e+00
6.899148833885621279e+00
1.372801205281461279e+01
1.637493082110801268e+01
0.000000000000000000e+00
1.229393671335798999e+01
6.326944469066148713e+00
2.574076491795229060e+01
6.364323958921968005e-01
1.939252901613042646e+00
0.000000000000000000e+00
0.000000000000000000e+00
0.000000000000000000e+00
2.742856535750828328e+01
0.000000000000000000e+00
1.022665969441445988e+01
1.249672373225179989e+01
1.333424290110555965e+01
1.351700573824764717e+00
1.676011005144440791e+00
7.706923934850800073e+00
1.951374059312799059e+00
2.938827455713507675e+00
1.034390722767690507e+00
1.170121271690625875e+01
3.000189320424969108e-01
1.653508803549777184e+01
1.647106958239266117e-01
3.399381316109989504e-01
8.831400490878673182e+00
9.271583503551696914e-01
0.000000000000000000e+00
3.049251856428853547e+00
1.080920551600081270e+00
1.332622153035710300e+00
1.493902372510245691e+01
0.000000000000000000e+00
2.957518024658888933e+01
1.433370746655410599e+01
6.652993405802866134e-01
0.000000000000000000e+00
4.965014479133520453e+00
3.550063853853204332e+00
4.381343163801043161e+00
3.252087818102890326e-02
2.194705140724610537e+00
1.044672417372800055e+01
2.504142137055986428e+00
8.444469234916601508e+00
5.178121770365854415e-01
2.167642411221279153e-01
2.214921276221114788e+00
7.065222466929575340e+00
1.271938313259167730e-01
5.130593741877695457e+00
3.475843976052959139e-01
1.427213639355777275e+00
1.055692929900094307e-01
3.679772843135876714e-01
3.746853196219112059e-01
7.660673862092949982e+00
0.000000000000000000e+00
2.772669256403205162e-01
3.496815839510285517e+00
3.677766904402314907e+00
7.331042279018444852e+00
8.801561334159936578e+00
0.000000000000000000e+00
0.000000000000000000e+00
0.000000000000000000e+00
8.634173655777834799e-01
1.589213050349374790e+01
0.000000000000000000e+00
0.000000000000000000e+00
2.354858422011471930e+01
0.000000000000000000e+00
2.867186790637755678e+01
7.257720848147788395e+00
7.919304526254032695e+00
5.403225475482726026e+00
0.000000000000000000e+00
7.144149761521414455e+00
6.148758802521094857e+00
1.181842329796780389e+00
4.342089042234956509e+00
6.243655842341734319e-01
1.045820897884583189e+01
1.390397414732515158e-01
2.386970522162619446e+01
4.075405635190813669e+00
0.000000000000000000e+00
3.104758423365903575e+00
0.000000000000000000e+00
0.000000000000000000e+00
0.000000000000000000e+00
0.000000000000000000e+00
9.402590360534325953e+00
2.821912872657347249e-01
3.316135499718483715e+01
0.000000000000000000e+00
0.000000000000000000e+00
0.000000000000000000e+00
1.046442160445652636e+00
0.000000000000000000e+00
7.949310013417447252e+00
2.448243559076545006e-01
0.000000000000000000e+00
0.000000000000000000e+00
0.000000000000000000e+00
0.000000000000000000e+00
0.000000000000000000e+00
0.000000000000000000e+00
0.000000000000000000e+00
0.000000000000000000e+00
0.000000000000000000e+00
0.000000000000000000e+00
1.037122522311264206e+01
1.392965974700584830e+01
5.596262385336200573e+00
9.786513682161823713e-01
0.000000000000000000e+00
0.000000000000000000e+00
0.000000000000000000e+00
0.000000000000000000e+00
0.000000000000000000e+00
0.000000000000000000e+00
0.000000000000000000e+00
0.000000000000000000e+00
0.000000000000000000e+00
0.000000000000000000e+00
1.617345434896061973e-01
0.000000000000000000e+00
0.000000000000000000e+00
6.145170190361108453e+00
6.435696966192695712e+00
5.413193059771248095e+00
0.000000000000000000e+00
0.000000000000000000e+00
8.674682552894849019e-01
0.000000000000000000e+00
0.000000000000000000e+00
5.945143295138069384e+00
0.000000000000000000e+00
4.124802680497758445e+00
1.217529181148229078e+01
1.915295464269230807e+00
0.000000000000000000e+00
7.810756669955306819e+00
2.037051174078094995e+00
0.000000000000000000e+00
1.353721943330229038e+01
5.882044208183716982e+00
6.542243625340836921e+00
1.259088762690512064e+00
0.000000000000000000e+00
0.000000000000000000e+00
8.417694863308681219e-01
9.988127633426966412e+00
4.169006395875737958e+00
0.000000000000000000e+00
0.000000000000000000e+00
5.778336257077334448e-01
1.606957747963037519e+01
5.479152716947405466e+00
0.000000000000000000e+00
2.329044449195433186e-01
0.000000000000000000e+00
6.733745939276192249e-02
2.087488565552100717e+00
0.000000000000000000e+00
1.959666937924502972e-01
0.000000000000000000e+00
0.000000000000000000e+00
5.562093804391582630e+00
2.714725076482537247e+00
1.672609704264094388e+00
1.778272266602248308e+01
2.103370548634047044e+00
1.009669287820880257e+01
2.515552086776561946e+00
6.737908684805537618e+00
0.000000000000000000e+00
0.000000000000000000e+00
0.000000000000000000e+00
4.477700651361701256e-01
2.628224887204974047e-01
0.000000000000000000e+00
0.000000000000000000e+00
0.000000000000000000e+00
2.330157221033331894e+00
4.482342674491111012e+00
9.960416225904829446e+00
4.288892001248477470e+00
4.966269372554307893e+00
0.000000000000000000e+00
9.846851005982816929e+00
6.329898298456427819e-01
0.000000000000000000e+00
0.000000000000000000e+00
2.173599208874648880e+01
0.000000000000000000e+00
9.514639757992176428e+00
4.898351326417387241e+00
1.473264695821183423e+01
0.000000000000000000e+00
0.000000000000000000e+00
9.049630861603812360e-01
1.467730020673087488e+01
0.000000000000000000e+00
0.000000000000000000e+00
5.359937855366910142e+00
0.000000000000000000e+00
1.821228227722510695e+01
6.321395900812041724e+00
0.000000000000000000e+00
1.503724246078662574e+01
0.000000000000000000e+00
3.900534404797500354e+00
1.868507247024707496e+01
0.000000000000000000e+00
1.883357982421189192e+01
5.178700500659727979e+00
3.647017039609758982e+00
9.972760146923279834e+00
7.183959510888946465e-01
1.793640702494074901e+01
0.000000000000000000e+00
2.335060934002479716e+00
0.000000000000000000e+00
1.711232477895329396e+01
6.616474489147743832e+00
1.783518880672669127e+01
4.606335929270541030e+00
0.000000000000000000e+00
8.246307640932919458e-01
9.525327575340699626e-01
1.247058777326948231e+01
2.492311188344205508e+00
0.000000000000000000e+00
0.000000000000000000e+00
0.000000000000000000e+00
9.784329133087329211e+00
2.688516793626077872e-01
2.706286052639564677e+00
2.128152102566836845e+00
2.513561168413483760e+00
7.681596761339165802e+00
6.009348534466175451e+00
0.000000000000000000e+00
0.000000000000000000e+00
2.734189783589223710e-01
0.000000000000000000e+00
7.758995763371500098e-01
1.435746342948313492e+00
3.477609934431783456e-01
3.023524220070142210e+00
0.000000000000000000e+00
1.305187814691093573e+00
0.000000000000000000e+00
0.000000000000000000e+00
0.000000000000000000e+00
1.549879036592633597e+00
0.000000000000000000e+00
0.000000000000000000e+00
0.000000000000000000e+00
0.000000000000000000e+00
0.000000000000000000e+00
1.121205444014474217e+01
1.924225186765863782e+01
1.705563170186589206e+00
1.507885812909415613e+01
0.000000000000000000e+00
7.879019855113511550e-01
0.000000000000000000e+00
5.747264990645848393e+00
3.233037745015005182e+00
1.082580959662962528e+01
4.877137387736459884e-01
0.000000000000000000e+00
0.000000000000000000e+00
0.000000000000000000e+00
0.000000000000000000e+00
0.000000000000000000e+00
0.000000000000000000e+00
0.000000000000000000e+00
0.000000000000000000e+00
0.000000000000000000e+00
0.000000000000000000e+00
0.000000000000000000e+00
0.000000000000000000e+00
0.000000000000000000e+00
0.000000000000000000e+00
0.000000000000000000e+00
0.000000000000000000e+00
0.000000000000000000e+00
0.000000000000000000e+00
0.000000000000000000e+00
0.000000000000000000e+00
0.000000000000000000e+00
0.000000000000000000e+00
0.000000000000000000e+00
0.000000000000000000e+00
8.349402403563596309e+00
0.000000000000000000e+00
8.532753705978393555e+00
5.608957960364524098e+00
1.347663857963647682e-01
3.788371450445625399e+00
1.613393222080187783e+01
3.348546853226222364e+00
0.000000000000000000e+00
0.000000000000000000e+00
0.000000000000000000e+00
0.000000000000000000e+00
0.000000000000000000e+00
0.000000000000000000e+00
5.310475794117102133e+00
1.095820508914047409e+01
0.000000000000000000e+00
0.000000000000000000e+00
9.453642759430273657e+00
0.000000000000000000e+00
0.000000000000000000e+00
0.000000000000000000e+00
0.000000000000000000e+00
1.353944114084993799e+01
0.000000000000000000e+00
2.546141678027892485e+00
0.000000000000000000e+00
0.000000000000000000e+00
0.000000000000000000e+00
2.366141072819742064e+00
5.578979256447781587e+00
2.037042248115111143e+00
1.204551832863454131e+01
1.450710347529207800e+00
1.450861834408192230e+01
1.222011457400375534e+01
0.000000000000000000e+00
0.000000000000000000e+00
0.000000000000000000e+00
1.729757330390844317e+01
1.011346463407023499e+00
0.000000000000000000e+00
0.000000000000000000e+00
1.123048546608914222e+01
2.414408608768763287e+00
0.000000000000000000e+00
1.384515520160117852e+01
1.073744724573714038e+01
1.483681082993410882e+01
0.000000000000000000e+00
6.921959994884019363e-01
1.001650786131955240e+00
3.777088368876596602e-01
6.829623361651816715e+00
1.093978052996517647e+01
7.789898572343118666e+00
4.167901478456647046e-01
7.819737091493070835e+00
0.000000000000000000e+00
0.000000000000000000e+00
0.000000000000000000e+00
0.000000000000000000e+00
0.000000000000000000e+00
1.082974567306175651e+01
0.000000000000000000e+00
1.738960271471002184e+00
8.546195994602160395e-01
6.007303902272427720e+00
0.000000000000000000e+00
9.976402989934000098e-01
5.165660820650250784e+00
2.088356464900327580e+01
7.918560574563701771e+00
1.889488555608170728e+01
1.555042575450425701e+01
1.439061087704776298e+01
1.674784431028901821e+01
1.234576452448126993e+01
1.479310169648588413e+00
2.724179788653770018e+01
9.447355506125461488e+00
9.443114762895563175e+00
1.754578418945998308e+01
0.000000000000000000e+00
4.332734204410167322e+00
5.299627486239658625e-01
5.582161927491091191e+00
2.056313898322287415e+01
9.831808926014418137e-02
0.000000000000000000e+00
6.500430458047416593e+00
0.000000000000000000e+00
3.013571165920643224e-01
0.000000000000000000e+00
2.432563008083386435e+01
1.025534267639845964e+01
1.206684287210528694e+01
0.000000000000000000e+00
4.614583476205890378e+00
0.000000000000000000e+00
7.656377728065747457e-01
2.101600064052624717e+01
6.776124991727678903e+00
7.816388231984684687e+00
8.050063666332974321e+00
0.000000000000000000e+00
0.000000000000000000e+00
0.000000000000000000e+00
6.734791163648112367e+00
7.391128593616271836e-01
1.709526577424467320e+01
0.000000000000000000e+00
0.000000000000000000e+00
0.000000000000000000e+00
0.000000000000000000e+00
4.032601313644580188e+00
1.541565648625405904e+00
3.956478868977407526e+00
2.067693997500987635e+01
1.828797654891281965e+01
8.003148507536128164e+00
0.000000000000000000e+00
4.708219806799727736e-01
2.092754642615157756e+00
1.395894597085674260e-01
1.286035941691880780e+01
0.000000000000000000e+00
0.000000000000000000e+00
1.289940042710036394e+01
2.117612042587794718e+01
7.411003809296683009e+00
4.966573072283455570e-01
2.224835170788711380e+01
0.000000000000000000e+00
1.194973099097776936e-01
0.000000000000000000e+00
0.000000000000000000e+00
6.332960455605153527e+00
1.028938976566443309e+01
0.000000000000000000e+00
0.000000000000000000e+00
0.000000000000000000e+00
0.000000000000000000e+00
0.000000000000000000e+00
1.950440222493718068e+01
6.493412500017144318e+00
9.243175795908724623e-01
1.153350936160998330e+01
1.764001310541388756e+00
2.854968902502167083e+01
0.000000000000000000e+00
8.215345264820570037e+00
0.000000000000000000e+00
1.984366677316387140e+01
6.029777098237798505e-01
2.217843325754229866e+01
4.845638403731785893e+00
0.000000000000000000e+00
1.263056745422020377e+01
0.000000000000000000e+00
1.620855412858255917e+01
4.668639086605457678e+00
7.761159103907895596e-02
1.546084847610987900e+01
0.000000000000000000e+00
2.440880947970272530e+01
1.808383986655245934e+01
1.049182643247454294e+01
1.216491847627618306e+01
3.389335359080453802e+00
2.444452095031738281e+01
3.233280192600207492e+00
4.517282100206010953e-01
9.547361840023084412e+00
3.349450334270348861e+01
1.606211282965842102e+01
0.000000000000000000e+00
9.426686270853107175e+00
5.708374602071354664e-02
0.000000000000000000e+00
0.000000000000000000e+00
0.000000000000000000e+00
2.790969173559981975e+00
1.415316120962078761e-01
0.000000000000000000e+00
1.685888650444116621e+01
8.154543619477346184e+00
0.000000000000000000e+00
0.000000000000000000e+00
0.000000000000000000e+00
1.958502224054229401e+01
8.118964666730901669e+00
0.000000000000000000e+00
0.000000000000000000e+00
1.081812980737579011e+01
0.000000000000000000e+00
0.000000000000000000e+00
0.000000000000000000e+00
0.000000000000000000e+00
0.000000000000000000e+00
0.000000000000000000e+00
0.000000000000000000e+00
0.000000000000000000e+00
0.000000000000000000e+00
4.326135121034772046e-01
1.060997534333989911e+00
0.000000000000000000e+00
0.000000000000000000e+00
1.257943539673022926e+01
4.458109105570932762e+00
0.000000000000000000e+00
1.153486551863423942e-01
1.296337936701399685e-01
0.000000000000000000e+00
0.000000000000000000e+00
0.000000000000000000e+00
7.564034847731001321e+00
7.776664026667562624e+00
3.147784579202030386e+01
1.623114317990420830e+00
0.000000000000000000e+00
9.916313042801418176e-02
1.941762678810719578e+01
9.180905095646890501e+00
0.000000000000000000e+00
6.311172137099705814e+00
1.771235520652171047e+01
6.463250728135697898e+00
5.732488717925682487e+00
7.259429760193556458e-01
0.000000000000000000e+00
0.000000000000000000e+00
0.000000000000000000e+00
6.016891404484094874e-01
0.000000000000000000e+00
8.091054444902399112e-01
0.000000000000000000e+00
2.899202753988544767e+00
5.289789156967334982e-01
0.000000000000000000e+00
5.248461241132758026e+00
2.200485163056448457e+01
5.394729148136096164e+00
1.669236816449111771e+01
3.080719106652763273e+00
2.530994404567761258e+00
3.524085178803861851e+00
4.614307424995336859e+00
2.203279483452271847e+01
6.315046235416712506e+00
0.000000000000000000e+00
4.263984819476523747e+00
0.000000000000000000e+00
1.487453310677174834e+01
0.000000000000000000e+00
3.281132389454359100e+01
3.676560005445158819e+00
1.807801382729176609e+01
0.000000000000000000e+00
2.191270410344841935e+00
4.932875761825047611e+00
0.000000000000000000e+00
0.000000000000000000e+00
0.000000000000000000e+00
0.000000000000000000e+00
2.532064191411050658e+00
1.384942175833027100e+01
6.652823008848040232e+00
5.126631929633322926e+00
1.075966295499480196e+01
7.066063870204968289e+00
8.536374327841770082e+00
3.360887843571352285e+00
3.834999084472656250e+00
2.511753017982740133e+01
4.767056958059246452e-01
2.244213007809070959e+00
1.428749105903539818e-01
1.518618420268712477e+01
2.091229406635413124e+00
4.762287145250298614e+00
2.228065838974513468e+01
3.819921506388803323e+01
1.603311114364795387e+01
5.580972521492604699e+00
3.766795383410507458e+00
2.364372592025928199e+01
5.849052172028617047e-01
6.060612697815626859e+01
0.000000000000000000e+00
5.234588065843903237e+00
1.906681178660875053e+00
2.411961716212583262e+00
3.285860504193252041e+01
1.616528650348106055e-01
1.479407431570331788e+01
3.016365443454699502e+01
1.374272439720925298e+01
0.000000000000000000e+00
5.853680017021265058e+01
4.607079270180691744e+00
0.000000000000000000e+00
8.219815950715139152e+00
0.000000000000000000e+00
1.134345536821343980e+00
1.173204786322090065e+01
0.000000000000000000e+00
4.259188148412811792e+00
1.256370748026987227e+00
0.000000000000000000e+00
2.041678047180175781e+01
1.015156209067012405e+01
6.446703364340107267e-01
5.147217383545435787e+00
5.982892497201984128e+00
2.316695307613758459e+01
2.455617934666322810e+01
0.000000000000000000e+00
0.000000000000000000e+00
2.001927701542886595e+01
0.000000000000000000e+00
3.275728022114614557e+00
0.000000000000000000e+00
0.000000000000000000e+00
0.000000000000000000e+00
2.634124386176634403e+01
1.195645475387573242e+01
5.257890851310129676e+00
1.151366315798813034e+01
1.068579145495811211e+01
1.112773211082715719e+01
0.000000000000000000e+00
4.228734278946779668e+00
0.000000000000000000e+00
0.000000000000000000e+00
0.000000000000000000e+00
2.930045093579238724e+01
0.000000000000000000e+00
1.038006987196675901e+01
0.000000000000000000e+00
0.000000000000000000e+00
1.383500283487727067e+01
0.000000000000000000e+00
0.000000000000000000e+00
0.000000000000000000e+00
0.000000000000000000e+00
0.000000000000000000e+00
8.877064737041344245e+00
6.384760213701912157e+00
0.000000000000000000e+00
1.126941750022802502e+01
1.183591044350956301e+00
5.410331704643335016e+00
0.000000000000000000e+00
2.984878866860035895e+00
0.000000000000000000e+00
2.725396799237540524e+00
0.000000000000000000e+00
0.000000000000000000e+00
6.989018418815698297e+00
3.470815294244316007e+00
0.000000000000000000e+00
0.000000000000000000e+00
7.800098483482104106e-02
0.000000000000000000e+00
0.000000000000000000e+00
0.000000000000000000e+00
0.000000000000000000e+00
0.000000000000000000e+00
0.000000000000000000e+00
3.848277820630019885e+00
5.038497796219385982e+00
2.666609667660145178e+00
1.175194643856434379e-01
0.000000000000000000e+00
1.748077789049470032e-01
0.000000000000000000e+00
0.000000000000000000e+00
5.777351872304851810e+00
3.117504682433739127e+00
0.000000000000000000e+00
5.247105201978362388e+00
0.000000000000000000e+00
2.596355395370654739e-01
2.945391044188081509e+00
4.129338644863514318e+00
1.735781339045320948e+01
1.020009656702534606e+01
2.135932626617088914e+01
0.000000000000000000e+00
1.894971571075782180e+01
1.251780061507492903e+01
2.837476301729009442e+00
4.659332633018493652e+00
0.000000000000000000e+00
0.000000000000000000e+00
0.000000000000000000e+00
1.213145395343223409e+00
1.747100929731733387e+01
7.423766393340035741e+00
3.041995195860273338e+00
7.320516165722621871e+00
7.120173968625872485e-01
2.333571631185124318e+01
0.000000000000000000e+00
0.000000000000000000e+00
0.000000000000000000e+00
2.096757160143905896e+00
1.992513410161050602e-01
0.000000000000000000e+00
8.530453955189566173e+00
1.648448123288958200e+01
2.457040540288003783e+01
0.000000000000000000e+00
0.000000000000000000e+00
0.000000000000000000e+00
0.000000000000000000e+00
0.000000000000000000e+00
0.000000000000000000e+00
0.000000000000000000e+00
1.205085090037142370e+00
1.288412173410479866e+01
1.318409710787655342e+01
3.673001188642523118e+01
0.000000000000000000e+00
4.901734078868051903e+00
0.000000000000000000e+00
1.881841414162282078e+01
7.398714293254895047e+00
2.242187540182906780e+00
7.967657549997394284e+00
5.028034863847024916e+00
0.000000000000000000e+00
6.383968519360831984e+00
7.598504912987184001e-01
1.632369060730666277e+01
3.407449443688553181e+00
1.229217686813868760e+01
6.257218778803107284e+00
5.099118430962723103e+00
6.493773433599579370e+00
7.083448238587111145e-01
2.108516523811254473e+01
2.369175670923811694e+01
1.195681591248244402e+01
1.592542813333232665e+01
2.456775879592038248e+00
4.064857065007927872e+00
1.837792276532462310e+01
9.358117725072281345e+00
1.483434686767921029e+01
6.873343607013144840e-01
3.521857223082124477e+01
8.090510014737590794e+00
4.801157083404198334e-01
5.956829553239800568e+00
6.289667622426922122e+00
0.000000000000000000e+00
2.640203846706433310e+01
6.468188826957445237e+00
1.333366836054941196e+01
1.637439849939239167e+01
2.566551621040601194e+00
1.018651587239811862e+00
1.237913327806451314e+01
1.330714169512973655e+01
2.419549822003653716e+01
8.381250065364195478e+00
1.095480490266607099e-01
0.000000000000000000e+00
0.000000000000000000e+00
0.000000000000000000e+00
0.000000000000000000e+00
0.000000000000000000e+00
1.536130774958749790e+01
7.791413923327842106e+00
1.671862493472152877e+01
2.459806860162970565e+01
5.773684951696502754e-01
9.080732034833243205e+00
7.952178955078125000e+00
2.083475616540801656e-01
5.253865716162692046e+00
6.131095082572336485e-01
4.160841566793034296e+00
2.257158215126294820e+01
0.000000000000000000e+00
1.363403277450732975e+00
1.234853019071428903e+01
1.172325826226995282e+01
0.000000000000000000e+00
0.000000000000000000e+00
0.000000000000000000e+00
0.000000000000000000e+00
0.000000000000000000e+00
0.000000000000000000e+00
5.389964703763468812e+00
1.464888992202415885e+01
1.500653410493657880e+01
0.000000000000000000e+00
0.000000000000000000e+00
9.186308630396810671e+00
0.000000000000000000e+00
0.000000000000000000e+00
0.000000000000000000e+00
0.000000000000000000e+00
0.000000000000000000e+00
0.000000000000000000e+00
6.364213959554607669e+00
0.000000000000000000e+00
5.417558262857158358e-01
7.984395130296771725e+00
2.688198005215505670e+00
0.000000000000000000e+00
4.037347054213620279e-01
0.000000000000000000e+00
0.000000000000000000e+00
8.910225391387939453e+00
9.059596597478630775e-01
1.738617839170305857e+01
3.108152968160222129e-01
1.183780678738369119e+01
1.824288100339053753e-01
1.558527720376346970e+01
5.707845002077938545e+00
1.151052198517188607e+01
4.440852309880631843e-01
0.000000000000000000e+00
6.612742724043599862e-01
0.000000000000000000e+00
1.534660837623510510e+01
0.000000000000000000e+00
0.000000000000000000e+00
0.000000000000000000e+00
0.000000000000000000e+00
0.000000000000000000e+00
0.000000000000000000e+00
1.317350851551870328e+01
1.343689129325781018e+01
1.225845619801724951e+01
0.000000000000000000e+00
0.000000000000000000e+00
2.418634864721405375e-01
0.000000000000000000e+00
1.285809399036879075e-01
3.944153062413247923e+00
0.000000000000000000e+00
0.000000000000000000e+00
0.000000000000000000e+00
0.000000000000000000e+00
0.000000000000000000e+00
1.638202988699580809e-01
9.760228226693827835e+00
2.208310818404294196e+01
4.514531328437033864e+00
3.272360694542359560e+00
7.946760895546902681e-01
2.665324998705574711e+00
5.447436423783891257e+00
3.548577046126462076e-01
0.000000000000000000e+00
0.000000000000000000e+00
0.000000000000000000e+00
0.000000000000000000e+00
0.000000000000000000e+00
0.000000000000000000e+00
0.000000000000000000e+00
1.834591126174069498e+00
0.000000000000000000e+00
0.000000000000000000e+00
8.544319506441608425e+00
2.869795745678162202e+00
0.000000000000000000e+00
0.000000000000000000e+00
1.488638807682508869e+01
3.696897533502471411e+00
0.000000000000000000e+00
4.719631602255145886e+00
2.029720943965268809e+00
1.460800932766346527e+01
3.705510155538494499e-01
0.000000000000000000e+00
0.000000000000000000e+00
7.088067879837550045e+00
1.204089033469725223e+01
0.000000000000000000e+00
4.145005365435996958e-01
0.000000000000000000e+00
0.000000000000000000e+00
0.000000000000000000e+00
0.000000000000000000e+00
0.000000000000000000e+00
5.106470772389615220e-01
0.000000000000000000e+00
4.529336650719803514e-01
0.000000000000000000e+00
3.484653290737880660e+00
1.507826486330353788e+01
7.708611327610658259e-01
0.000000000000000000e+00
0.000000000000000000e+00
0.000000000000000000e+00
1.035276430108573997e+01
1.373850310250614548e+01
1.905680077799250638e+00
5.467103850975465029e+00
1.179187119944711704e+01
3.164404349380664616e+00
0.000000000000000000e+00
6.921669070640307231e-02
2.308805381046252236e+01
1.462525252545817445e+01
2.364143768053376338e+00
0.000000000000000000e+00
9.541923587241869953e+00
7.191234176078538987e+00
0.000000000000000000e+00
2.194203892182768101e+01
1.088741945416739743e+00
1.745874101660224653e+01
8.064724675725015723e-01
1.083163188548570233e+01
1.041268524427092501e+01
4.555310198430264634e+00
1.008454100737410997e+01
0.000000000000000000e+00
9.460882352978995158e+00
2.452346287416608261e-01
1.802182620830750093e+00
2.375203612681185206e+01
1.079885289910134283e+01
2.783542795931355229e+01
1.058611644251962680e+01
4.289213153753387964e+00
2.212472028410836700e+01
3.863534595189469734e+00
1.467547064148977931e+01
2.053870018948329879e+00
0.000000000000000000e+00
0.000000000000000000e+00
9.501643813058231913e+00
2.002615875072693452e+00
0.000000000000000000e+00
0.000000000000000000e+00
2.617810078953089459e+01
0.000000000000000000e+00
2.528768648726216739e+01
0.000000000000000000e+00
0.000000000000000000e+00
2.271506497029508242e+00
2.298515066939793172e+01
4.322985906279488977e-01
4.479076996278227307e-01
9.567909712202093075e+00
0.000000000000000000e+00
2.844093012006095211e+00
2.596739294287863586e+01
0.000000000000000000e+00
1.613732789071758233e+01
2.098695419611555835e+01
3.290788439418492572e+01
0.000000000000000000e+00
4.453846363539106235e-01
1.388354157865717120e+01
3.176962252413288823e+01
1.397801012939281762e+01
0.000000000000000000e+00
7.767989035402790954e+00
1.099872337298446823e+01
1.215951340921809098e+01
6.648202124606357621e+00
1.696708957800704454e+01
4.896075002263101106e-01
0.000000000000000000e+00
6.003082682577411511e+00
1.339802693784906573e+00
2.776289630204104242e+01
1.351770551017161259e-01
2.149918817670157623e+01
0.000000000000000000e+00
0.000000000000000000e+00
2.086494921566395178e+01
2.757489701603235943e+01
1.465780994329559661e+01
3.807278323441408929e+01
0.000000000000000000e+00
0.000000000000000000e+00
0.000000000000000000e+00
3.225387316071585353e+00
8.387902956330373527e+00
0.000000000000000000e+00
0.000000000000000000e+00
0.000000000000000000e+00
3.178145890825250230e+00
1.904579948039537030e+01
4.886764783537789647e+00
3.231812541404467165e+00
0.000000000000000000e+00
0.000000000000000000e+00
0.000000000000000000e+00
0.000000000000000000e+00
0.000000000000000000e+00
0.000000000000000000e+00
0.000000000000000000e+00
0.000000000000000000e+00
0.000000000000000000e+00
0.000000000000000000e+00
1.713210654526614007e+01
0.000000000000000000e+00
