1.760000000000000142e+01
1.880999999999999872e+01
2.164000000000000057e+01
2.780999999999999872e+01
2.971999999999999886e+01
2.730000000000000071e+01
3.664000000000000057e+01
2.741000000000000014e+01
2.417999999999999972e+01
2.205000000000000071e+01
2.082999999999999829e+01
1.962000000000000099e+01
2.971999999999999886e+01
2.123999999999999844e+01
2.216000000000000014e+01
3.076000000000000156e+01
5.996000000000000085e+01
6.514000000000000057e+01
1.064000000000000057e+02
4.142000000000000171e+01
2.557000000000000028e+01
5.599000000000000199e+01
2.532999999999999829e+01
3.076000000000000156e+01
4.078999999999999915e+01
2.971999999999999886e+01
1.564000000000000057e+01
2.082999999999999829e+01
1.174000000000000021e+01
1.106000000000000050e+01
1.276999999999999957e+01
3.220000000000000284e+01
2.164000000000000057e+01
2.164000000000000057e+01
2.082999999999999829e+01
1.841000000000000014e+01
2.123999999999999844e+01
1.678999999999999915e+01
1.449000000000000021e+01
1.310999999999999943e+01
1.174000000000000021e+01
1.962000000000000099e+01
1.678999999999999915e+01
1.800000000000000000e+01
2.694999999999999929e+01
2.971999999999999886e+01
3.767999999999999972e+01
3.560000000000000142e+01
3.560000000000000142e+01
2.880000000000000071e+01
2.042999999999999972e+01
2.205000000000000071e+01
1.841000000000000014e+01
1.449000000000000021e+01
1.208999999999999986e+01
1.140000000000000036e+01
1.106000000000000050e+01
1.208999999999999986e+01
1.242999999999999972e+01
1.242999999999999972e+01
1.276999999999999957e+01
1.598000000000000043e+01
1.771999999999999886e+01
1.528999999999999915e+01
1.242999999999999972e+01
1.719000000000000128e+01
1.760000000000000142e+01
1.575999999999999979e+01
1.174000000000000021e+01
1.106000000000000050e+01
1.038000000000000078e+01
9.689999999999999503e+00
9.689999999999999503e+00
1.140000000000000036e+01
1.719000000000000128e+01
2.971999999999999886e+01
1.841000000000000014e+01
2.412000000000000099e+01
2.455999999999999872e+01
2.707999999999999829e+01
2.503999999999999915e+01
3.139999999999999858e+01
2.360000000000000142e+01
2.939999999999999858e+01
2.978000000000000114e+01
2.869999999999999929e+01
3.085999999999999943e+01
2.528000000000000114e+01
2.503999999999999915e+01
3.435000000000000142e+01
2.816000000000000014e+01
2.216000000000000014e+01
1.767999999999999972e+01
1.753000000000000114e+01
1.708999999999999986e+01
1.680000000000000071e+01
1.667000000000000171e+01
1.641000000000000014e+01
1.639000000000000057e+01
1.625000000000000000e+01
1.601999999999999957e+01
1.601999999999999957e+01
1.601999999999999957e+01
1.559999999999999964e+01
1.639000000000000057e+01
1.632999999999999829e+01
1.751999999999999957e+01
1.766000000000000014e+01
1.773000000000000043e+01
1.692999999999999972e+01
1.680000000000000071e+01
1.664999999999999858e+01
1.641000000000000014e+01
1.641000000000000014e+01
1.641000000000000014e+01
1.641000000000000014e+01
1.641000000000000014e+01
1.641000000000000014e+01
1.641000000000000014e+01
1.641000000000000014e+01
1.614999999999999858e+01
1.563000000000000078e+01
1.563000000000000078e+01
1.582000000000000028e+01
1.987999999999999901e+01
1.601999999999999957e+01
1.923999999999999844e+01
1.944999999999999929e+01
2.183999999999999986e+01
1.930999999999999872e+01
1.832999999999999829e+01
3.242999999999999972e+01
3.017999999999999972e+01
2.450000000000000000e+01
2.373999999999999844e+01
2.437999999999999901e+01
2.923000000000000043e+01
2.312000000000000099e+01
2.007999999999999829e+01
1.944000000000000128e+01
1.944000000000000128e+01
1.937000000000000099e+01
2.450000000000000000e+01
1.987999999999999901e+01
1.919999999999999929e+01
1.864999999999999858e+01
1.855999999999999872e+01
1.855999999999999872e+01
1.855999999999999872e+01
1.964000000000000057e+01
2.050000000000000000e+01
2.432000000000000028e+01
2.301999999999999957e+01
2.289999999999999858e+01
2.257999999999999829e+01
2.119999999999999929e+01
2.064999999999999858e+01
2.217000000000000171e+01
2.132999999999999829e+01
1.980999999999999872e+01
1.855999999999999872e+01
1.812000000000000099e+01
1.723999999999999844e+01
1.819000000000000128e+01
2.205999999999999872e+01
6.289999999999999858e+01
3.310999999999999943e+01
2.533999999999999986e+01
3.754999999999999716e+01
3.646999999999999886e+01
2.503999999999999915e+01
2.407999999999999829e+01
2.480000000000000071e+01
3.363000000000000256e+01
2.305999999999999872e+01
2.210999999999999943e+01
2.146000000000000085e+01
2.142999999999999972e+01
1.898000000000000043e+01
1.810000000000000142e+01
1.892999999999999972e+01
1.776999999999999957e+01
1.728000000000000114e+01
1.689000000000000057e+01
1.664999999999999858e+01
1.744000000000000128e+01
1.642999999999999972e+01
1.639999999999999858e+01
1.644000000000000128e+01
1.644000000000000128e+01
1.591000000000000014e+01
1.560999999999999943e+01
1.548000000000000043e+01
1.522000000000000064e+01
1.558999999999999986e+01
1.492999999999999972e+01
1.510999999999999943e+01
1.571000000000000085e+01
1.523000000000000043e+01
1.848000000000000043e+01
2.682000000000000028e+01
3.235000000000000142e+01
2.707999999999999829e+01
2.853000000000000114e+01
2.294999999999999929e+01
1.980000000000000071e+01
1.771999999999999886e+01
1.676000000000000156e+01
1.623000000000000043e+01
1.689000000000000057e+01
2.260000000000000142e+01
1.764999999999999858e+01
2.205999999999999872e+01
2.262000000000000099e+01
2.667000000000000171e+01
2.073000000000000043e+01
2.212000000000000099e+01
2.067000000000000171e+01
2.187999999999999901e+01
2.114999999999999858e+01
1.876000000000000156e+01
1.821000000000000085e+01
1.873999999999999844e+01
1.900000000000000000e+01
2.264000000000000057e+01
2.360000000000000142e+01
2.360000000000000142e+01
3.157000000000000028e+01
4.517999999999999972e+01
3.117000000000000171e+01
2.503999999999999915e+01
2.480000000000000071e+01
2.869999999999999929e+01
3.729999999999999716e+01
4.710000000000000142e+01
4.389999999999999858e+01
3.257999999999999829e+01
3.857999999999999829e+01
2.923999999999999844e+01
2.600000000000000000e+01
2.600000000000000000e+01
2.714000000000000057e+01
4.389999999999999858e+01
3.139999999999999858e+01
6.142000000000000171e+01
3.729999999999999716e+01
3.553000000000000114e+01
3.139999999999999858e+01
2.600000000000000000e+01
3.139999999999999858e+01
2.551999999999999957e+01
2.407999999999999829e+01
2.312000000000000099e+01
2.119999999999999929e+01
4.745000000000000284e+01
2.896999999999999886e+01
2.383999999999999986e+01
2.119999999999999929e+01
2.600000000000000000e+01
2.521999999999999886e+01
2.360000000000000142e+01
2.407999999999999829e+01
2.098000000000000043e+01
2.076000000000000156e+01
1.921999999999999886e+01
1.944000000000000128e+01
1.855999999999999872e+01
1.855999999999999872e+01
2.171999999999999886e+01
2.119999999999999929e+01
2.076000000000000156e+01
2.503999999999999915e+01
2.167999999999999972e+01
5.510000000000000142e+01
2.750000000000000000e+01
2.119999999999999929e+01
2.480000000000000071e+01
3.139999999999999858e+01
2.707999999999999829e+01
2.312000000000000099e+01
1.987999999999999901e+01
1.701999999999999957e+01
1.680000000000000071e+01
2.264000000000000057e+01
2.455999999999999872e+01
2.132000000000000028e+01
2.407999999999999829e+01
1.855999999999999872e+01
2.076000000000000156e+01
2.407999999999999829e+01
2.032000000000000028e+01
2.010000000000000142e+01
1.944000000000000128e+01
1.812000000000000099e+01
1.680000000000000071e+01
3.164999999999999858e+01
1.723999999999999844e+01
1.855999999999999872e+01
1.641000000000000014e+01
2.600000000000000000e+01
2.228000000000000114e+01
2.335999999999999943e+01
1.680000000000000071e+01
1.767999999999999972e+01
1.900000000000000000e+01
3.173999999999999844e+01
2.291000000000000014e+01
2.007999999999999829e+01
2.050000000000000000e+01
1.917999999999999972e+01
2.296000000000000085e+01
2.346000000000000085e+01
2.292999999999999972e+01
2.712000000000000099e+01
2.235000000000000142e+01
1.957000000000000028e+01
1.844999999999999929e+01
2.012000000000000099e+01
3.335000000000000142e+01
3.509000000000000341e+01
2.262000000000000099e+01
4.495000000000000284e+01
2.785000000000000142e+01
2.517999999999999972e+01
2.146000000000000085e+01
1.982999999999999829e+01
2.037000000000000099e+01
2.169000000000000128e+01
2.119000000000000128e+01
1.946000000000000085e+01
1.951000000000000156e+01
2.500000000000000000e+01
2.526999999999999957e+01
2.471000000000000085e+01
2.198000000000000043e+01
2.071000000000000085e+01
2.096000000000000085e+01
2.194999999999999929e+01
1.917999999999999972e+01
1.889000000000000057e+01
2.455000000000000071e+01
2.867999999999999972e+01
3.570000000000000284e+01
2.192000000000000171e+01
1.951000000000000156e+01
1.842999999999999972e+01
1.789999999999999858e+01
1.760999999999999943e+01
1.691000000000000014e+01
1.655999999999999872e+01
1.642999999999999972e+01
1.987999999999999901e+01
3.096999999999999886e+01
3.076000000000000156e+01
2.183999999999999986e+01
1.901999999999999957e+01
1.987000000000000099e+01
2.725000000000000000e+01
3.696000000000000085e+01
2.053000000000000114e+01
1.882999999999999829e+01
1.826999999999999957e+01
1.787999999999999901e+01
1.746000000000000085e+01
1.903999999999999915e+01
1.971999999999999886e+01
1.548000000000000043e+01
1.667999999999999972e+01
2.312999999999999901e+01
1.848000000000000043e+01
1.698000000000000043e+01
1.548000000000000043e+01
1.488000000000000078e+01
1.367999999999999972e+01
1.367999999999999972e+01
1.814000000000000057e+01
1.667999999999999972e+01
1.878000000000000114e+01
2.096999999999999886e+01
2.398999999999999844e+01
2.139999999999999858e+01
2.571000000000000085e+01
2.096999999999999886e+01
1.817999999999999972e+01
1.667999999999999972e+01
1.427999999999999936e+01
2.837999999999999901e+01
2.019999999999999929e+01
1.878000000000000114e+01
2.614999999999999858e+01
1.728000000000000114e+01
1.325999999999999979e+01
1.325999999999999979e+01
1.305000000000000071e+01
1.347000000000000064e+01
1.367999999999999972e+01
1.367999999999999972e+01
1.667999999999999972e+01
1.347000000000000064e+01
3.253000000000000114e+01
3.696999999999999886e+01
2.312999999999999901e+01
1.728000000000000114e+01
1.548000000000000043e+01
2.226999999999999957e+01
2.053999999999999915e+01
1.787999999999999901e+01
1.728000000000000114e+01
1.548000000000000043e+01
1.367999999999999972e+01
1.367999999999999972e+01
1.367999999999999972e+01
1.325999999999999979e+01
1.367999999999999972e+01
1.367999999999999972e+01
1.367999999999999972e+01
1.367999999999999972e+01
1.458000000000000007e+01
1.367999999999999972e+01
1.488000000000000078e+01
9.234000000000000341e+01
1.395999999999999943e+02
1.779000000000000057e+02
5.317000000000000171e+01
3.882999999999999829e+01
1.449000000000000057e+02
1.395999999999999943e+02
1.343000000000000114e+02
1.634000000000000057e+02
1.185000000000000000e+02
6.431999999999999318e+01
5.852000000000000313e+01
1.225999999999999943e+02
7.147000000000000455e+02
1.255999999999999943e+02
3.325999999999999801e+01
2.830000000000000071e+01
3.325999999999999801e+01
3.078000000000000114e+01
2.787000000000000099e+01
2.528000000000000114e+01
2.485000000000000142e+01
2.485000000000000142e+01
1.937999999999999901e+01
1.907999999999999829e+01
1.801999999999999886e+02
1.225999999999999943e+02
1.551999999999999886e+02
2.350999999999999943e+02
1.305999999999999943e+02
8.784999999999999432e+01
5.852000000000000313e+01
4.603999999999999915e+01
3.449000000000000199e+01
3.078000000000000114e+01
2.657999999999999829e+01
2.442000000000000171e+01
