date,Qsim,Quz,Qlz,SP,SM,UZ,LZ,WC
'2009-01-01',68.839,63.132,5.707,0.000,10.000,10.000,10.000,0.000
'2009-01-02',40.918,29.834,8.718,0.000,9.767,3.041,14.782,0.000
'2009-01-03',10.406,0.000,10.267,0.000,10.356,0.000,17.409,0.000
'2009-01-04',9.859,0.000,9.956,0.000,10.258,0.000,16.882,0.000
'2009-01-05',9.814,0.000,9.709,0.000,10.617,0.000,16.463,0.000
'2009-01-06',10.288,0.000,10.436,0.000,19.594,0.000,17.696,0.000
'2009-01-07',11.655,0.000,11.617,0.000,24.455,0.000,19.698,0.000
'2009-01-08',12.353,0.000,12.451,0.000,26.749,0.000,21.112,0.000
'2009-01-09',12.720,0.000,12.649,0.000,27.195,0.000,21.449,0.000
'2009-01-10',12.431,0.000,12.479,0.000,26.772,0.000,21.161,0.000
'2009-01-11',12.350,0.000,12.294,0.000,26.396,0.000,20.846,0.000
'2009-01-12',11.961,0.000,11.987,0.000,25.777,0.000,20.326,0.000
'2009-01-13',12.242,0.000,12.239,0.000,26.372,0.000,20.753,0.000
'2009-01-14',11.916,0.000,11.891,0.000,25.799,0.000,20.163,0.000
'2009-01-15',11.771,0.000,11.785,0.000,25.694,0.000,19.982,0.000
'2009-01-16',11.942,0.000,11.943,0.000,26.348,0.000,20.251,0.000
'2009-01-17',13.746,0.000,13.898,0.000,30.689,0.000,23.566,0.000
'2009-01-18',14.495,0.000,14.401,0.000,31.494,0.000,24.418,0.000
'2009-01-19',16.178,0.000,16.417,0.000,33.873,0.000,27.838,0.000
'2009-01-20',16.579,0.000,16.366,0.000,33.760,0.000,27.750,0.000
'2009-01-21',15.725,0.000,15.873,0.000,32.864,0.000,26.915,0.000
'2009-01-22',15.631,0.000,15.470,0.000,32.265,0.000,26.231,0.000
'2009-01-23',77.110,64.506,17.981,0.000,42.365,6.575,30.490,0.000
'2009-01-24',40.422,11.341,20.412,0.000,41.409,1.156,34.612,0.000
'2009-01-25',13.937,0.000,20.655,0.000,40.332,0.000,35.024,0.000
'2009-01-26',25.956,0.000,20.029,0.000,38.920,0.000,33.962,0.000
'2009-01-27',14.358,0.000,19.503,0.000,37.664,0.000,33.070,0.000
'2009-01-28',24.324,0.000,19.850,0.000,37.171,0.000,33.658,0.000
'2009-01-29',16.273,0.000,20.217,0.000,36.586,0.000,34.281,0.000
'2009-01-30',88.991,68.500,22.576,0.000,43.214,6.982,38.281,0.000
'2009-01-31',61.088,31.709,24.859,0.000,42.664,3.232,42.152,0.000
'2009-02-01',124.065,107.007,27.068,0.000,46.251,10.907,45.897,0.000
'2009-02-02',80.572,37.330,29.206,0.000,44.896,3.805,49.523,0.000
'2009-02-03',21.042,0.000,30.508,0.000,43.362,0.000,51.731,0.000
'2009-02-04',38.978,0.000,30.711,0.000,41.825,0.000,52.075,0.000
'2009-02-05',22.652,0.000,29.816,0.000,40.216,0.000,50.558,0.000
'2009-02-06',36.975,0.000,30.782,0.000,39.728,0.000,52.196,0.000
'2009-02-07',24.989,0.000,30.376,0.000,38.818,0.000,51.506,0.000
'2009-02-08',34.750,0.000,30.008,0.000,37.995,0.000,50.882,0.000
'2009-02-09',25.100,0.000,29.185,0.000,36.995,0.000,49.488,0.000
'2009-02-10',33.687,0.000,30.191,0.000,37.169,0.000,51.193,0.000
'2009-02-11',26.446,0.000,29.448,0.000,36.127,0.000,49.932,0.000
'2009-02-12',33.769,0.000,31.287,0.000,37.492,0.000,53.052,0.000
'2009-02-13',28.477,0.000,30.595,0.000,36.421,0.000,51.878,0.000
'2009-02-14',37.944,3.938,32.619,0.000,38.293,0.401,55.310,0.000
'2009-02-15',31.794,0.000,32.707,0.000,38.112,0.000,55.460,0.000
'2009-02-16',33.152,0.000,32.323,0.000,37.600,0.000,54.808,0.000
'2009-02-17',30.800,0.000,31.458,0.000,36.812,0.000,53.341,0.000
'2009-02-18',31.134,0.000,30.482,0.000,35.491,0.000,51.687,0.000
'2009-02-19',30.032,0.000,30.613,0.000,35.036,0.000,51.908,0.000
'2009-02-20',30.416,0.000,29.848,0.000,34.355,0.000,50.612,0.000
'2009-02-21',29.036,0.000,29.506,0.000,33.929,0.000,50.031,0.000
'2009-02-22',29.178,0.000,28.704,0.000,32.856,0.000,48.672,0.000
'2009-02-23',27.537,0.000,27.887,0.000,31.845,0.000,47.287,0.000
'2009-02-24',29.795,0.000,29.624,0.000,33.792,0.000,50.231,0.000
'2009-02-25',29.230,0.000,29.359,0.000,33.441,0.000,49.782,0.000
'2009-02-26',28.712,0.000,28.535,0.000,32.689,0.000,48.385,0.000
'2009-02-27',28.182,0.000,28.320,0.000,32.495,0.000,48.020,0.000
'2009-02-28',27.873,0.000,27.704,0.000,31.802,0.000,46.975,0.000
'2009-03-01',27.014,0.000,27.116,0.000,30.901,0.000,45.979,0.000
'2009-03-02',26.627,0.000,26.489,0.000,30.128,0.000,44.915,0.000
'2009-03-03',28.419,0.068,28.645,0.000,33.714,0.007,48.572,0.000
'2009-03-04',28.983,0.000,28.726,0.000,33.981,0.000,48.708,0.000
'2009-03-05',27.684,0.000,27.840,0.000,33.175,0.000,47.206,0.000
'2009-03-06',27.292,0.000,27.098,0.000,31.915,0.000,45.948,0.000
'2009-03-07',26.699,0.000,26.850,0.000,31.519,0.000,45.527,0.000
'2009-03-08',26.192,0.000,25.993,0.000,30.098,0.000,44.075,0.000
'2009-03-09',25.512,0.000,25.660,0.000,29.712,0.000,43.509,0.000
'2009-03-10',25.094,0.000,24.905,0.000,28.577,0.000,42.231,0.000
'2009-03-11',24.057,0.000,24.164,0.000,27.509,0.000,40.974,0.000
'2009-03-12',24.369,0.000,24.284,0.000,28.246,0.000,41.178,0.000
'2009-03-13',24.534,0.000,24.635,0.000,29.356,0.000,41.772,0.000
'2009-03-14',24.190,0.000,24.056,0.000,29.215,0.000,40.791,0.000
'2009-03-15',25.578,0.000,25.834,0.000,32.185,0.000,43.804,0.000
'2009-03-16',26.856,0.000,26.700,0.000,33.174,0.000,45.273,0.000
'2009-03-17',26.159,0.000,26.262,0.000,32.641,0.000,44.530,0.000
'2009-03-18',27.055,0.000,27.025,0.000,33.778,0.000,45.824,0.000
'2009-03-19',28.312,0.000,28.450,0.000,35.430,0.000,48.241,0.000
'2009-03-20',27.894,0.000,27.716,0.000,34.937,0.000,46.997,0.000
'2009-03-21',30.701,1.289,29.833,0.000,36.679,0.131,50.587,0.000
'2009-03-22',30.177,0.000,29.697,0.000,36.146,0.000,50.355,0.000
'2009-03-23',32.862,1.837,31.750,0.000,37.902,0.187,53.836,0.000
'2009-03-24',31.878,0.000,31.046,0.000,36.895,0.000,52.642,0.000
'2009-03-25',34.691,2.735,33.055,0.000,38.429,0.279,56.050,0.000
'2009-03-26',35.513,0.000,34.447,0.000,38.627,0.000,58.409,0.000
'2009-03-27',55.718,22.186,36.347,0.000,40.972,2.261,61.631,0.000
'2009-03-28',106.798,70.031,38.186,0.000,44.257,7.138,64.749,0.000
'2009-03-29',143.322,104.985,39.965,0.000,45.879,10.701,67.767,0.000
'2009-03-30',88.584,40.574,41.688,0.000,44.457,4.136,70.687,0.000
'2009-03-31',95.001,58.727,43.354,0.000,44.755,5.986,73.513,0.000
'2009-04-01',96.409,44.240,44.967,0.000,44.742,4.509,76.248,0.000
'2009-04-02',119.598,82.481,46.528,0.000,45.906,8.407,78.895,0.000
'2009-04-03',83.349,22.508,48.039,0.000,44.370,2.294,81.457,0.000
'2009-04-04',38.523,0.000,47.959,0.000,43.098,0.000,81.322,0.000
'2009-04-05',54.804,0.000,46.427,0.000,41.309,0.000,78.723,0.000
'2009-04-06',37.726,0.000,44.940,0.000,39.512,0.000,76.202,0.000
'2009-04-07',50.177,0.000,43.774,0.000,38.133,0.000,74.224,0.000
'2009-04-08',79.228,42.937,45.373,0.000,41.973,4.376,76.936,0.000
'2009-04-09',57.708,0.000,46.494,0.000,41.420,0.000,78.838,0.000
'2009-04-10',36.636,0.000,46.444,0.000,40.567,0.000,78.752,0.000
'2009-04-11',116.718,65.407,47.957,0.000,44.101,6.667,81.318,0.000
'2009-04-12',146.481,103.049,49.422,0.000,45.342,10.504,83.802,0.000
'2009-04-13',95.482,34.128,50.839,0.000,43.753,3.479,86.205,0.000
'2009-04-14',45.031,0.000,51.627,0.000,42.558,0.000,87.540,0.000
'2009-04-15',78.320,21.348,52.973,0.000,43.426,2.176,89.823,0.000
'2009-04-16',50.726,0.000,52.521,0.000,41.276,0.000,89.057,0.000
'2009-04-17',52.549,0.000,50.847,0.000,39.681,0.000,86.218,0.000
'2009-04-18',47.861,0.000,49.223,0.000,38.299,0.000,83.465,0.000
'2009-04-19',49.050,0.000,47.743,0.000,36.862,0.000,80.954,0.000
'2009-04-20',45.185,0.000,46.209,0.000,35.304,0.000,78.354,0.000
'2009-04-21',46.252,0.000,45.284,0.000,34.411,0.000,76.785,0.000
'2009-04-22',43.091,0.000,43.824,0.000,33.646,0.000,74.310,0.000
'2009-04-23',43.214,0.000,42.466,0.000,32.339,0.000,72.007,0.000
'2009-04-24',55.542,13.253,44.108,0.000,36.154,1.351,74.791,0.000
'2009-04-25',46.171,0.000,43.497,0.000,34.693,0.000,73.756,0.000
'2009-04-26',39.955,0.000,42.192,0.000,33.600,0.000,71.543,0.000
'2009-04-27',42.904,0.000,40.840,0.000,32.576,0.000,69.250,0.000
'2009-04-28',37.854,0.000,39.559,0.000,31.159,0.000,67.078,0.000
'2009-04-29',40.062,0.000,38.486,0.000,30.310,0.000,65.258,0.000
'2009-04-30',54.623,17.231,40.255,0.000,36.409,1.756,68.259,0.000
'2009-05-01',43.863,0.000,39.990,0.000,35.512,0.000,67.809,0.000
'2009-05-02',86.827,52.760,41.712,0.000,41.475,5.378,70.728,0.000
'2009-05-03',162.241,117.351,43.378,0.000,45.325,11.961,73.553,0.000
'2009-05-04',101.797,53.250,44.990,0.000,44.305,5.428,76.287,0.000
'2009-05-05',51.163,4.001,46.550,0.000,42.949,0.408,78.932,0.000
'2009-05-06',46.932,0.000,47.207,0.000,42.174,0.000,80.046,0.000
'2009-05-07',51.535,2.945,48.696,0.000,42.115,0.300,82.571,0.000
'2009-05-08',49.294,0.000,48.994,0.000,41.444,0.000,83.076,0.000
'2009-05-09',47.340,0.000,47.484,0.000,40.129,0.000,80.516,0.000
'2009-05-10',46.227,0.000,45.984,0.000,38.316,0.000,77.972,0.000
'2009-05-11',44.650,0.000,44.768,0.000,36.313,0.000,75.911,0.000
'2009-05-12',43.849,0.000,43.659,0.000,35.169,0.000,74.031,0.000
'2009-05-13',50.959,6.495,45.263,0.000,37.352,0.662,76.749,0.000
'2009-05-14',45.498,0.000,44.209,0.000,36.248,0.000,74.963,0.000
'2009-05-15',41.791,0.000,42.809,0.000,34.853,0.000,72.588,0.000
'2009-05-16',42.693,0.000,41.717,0.000,33.985,0.000,70.737,0.000
'2009-05-17',41.076,0.000,41.948,0.000,34.368,0.000,71.129,0.000
'2009-05-18',41.628,0.000,40.773,0.000,33.306,0.000,69.137,0.000
'2009-05-19',38.933,0.000,39.589,0.000,32.250,0.000,67.128,0.000
'2009-05-20',38.986,0.000,38.313,0.000,31.164,0.000,64.965,0.000
'2009-05-21',36.585,0.000,37.078,0.000,30.211,0.000,62.871,0.000
'2009-05-22',36.407,0.000,35.883,0.000,29.270,0.000,60.844,0.000
'2009-05-23',34.358,0.000,34.726,0.000,28.118,0.000,58.883,0.000
'2009-05-24',34.021,0.000,33.611,0.000,27.119,0.000,56.992,0.000
'2009-05-25',33.185,0.000,33.538,0.000,28.039,0.000,56.868,0.000
'2009-05-26',32.865,0.000,32.473,0.000,27.004,0.000,55.062,0.000
'2009-05-27',31.176,0.000,31.438,0.000,25.840,0.000,53.307,0.000
'2009-05-28',31.698,0.000,31.471,0.000,27.011,0.000,53.364,0.000
'2009-05-29',30.513,0.000,30.647,0.000,26.446,0.000,51.966,0.000
'2009-05-30',30.741,0.000,30.621,0.000,27.978,0.000,51.923,0.000
'2009-05-31',29.679,0.000,29.712,0.000,27.040,0.000,50.382,0.000
'2009-06-01',28.860,0.000,28.757,0.000,25.926,0.000,48.761,0.000
'2009-06-02',27.812,0.000,27.830,0.000,24.403,0.000,47.190,0.000
'2009-06-03',27.019,0.000,26.933,0.000,23.271,0.000,45.669,0.000
'2009-06-04',26.057,0.000,26.065,0.000,22.330,0.000,44.197,0.000
'2009-06-05',25.596,0.000,25.549,0.000,22.710,0.000,43.321,0.000
'2009-06-06',24.779,0.000,24.758,0.000,22.197,0.000,41.981,0.000
'2009-06-07',24.074,0.000,24.035,0.000,21.882,0.000,40.755,0.000
'2009-06-08',29.716,3.963,26.271,0.000,30.968,0.404,44.546,0.000
'2009-06-09',26.534,0.000,25.729,0.000,30.226,0.000,43.627,0.000
'2009-06-10',25.447,0.000,26.188,0.000,31.072,0.000,44.405,0.000
'2009-06-11',46.041,18.668,28.354,0.000,36.588,1.903,48.078,0.000
'2009-06-12',70.604,41.222,30.450,0.000,39.658,4.202,51.633,0.000
'2009-06-13',37.439,1.044,32.479,0.000,39.252,0.106,55.073,0.000
'2009-06-14',28.229,0.000,31.496,0.000,38.169,0.000,53.406,0.000
'2009-06-15',34.577,0.000,31.736,0.000,37.661,0.000,53.814,0.000
'2009-06-16',30.593,0.000,33.192,0.000,38.351,0.000,56.282,0.000
'2009-06-17',34.490,0.000,32.134,0.000,37.467,0.000,54.487,0.000
'2009-06-18',29.135,0.000,31.118,0.000,36.102,0.000,52.764,0.000
'2009-06-19',31.950,0.000,30.139,0.000,34.757,0.000,51.104,0.000
'2009-06-20',28.691,0.000,30.287,0.000,34.588,0.000,51.356,0.000
'2009-06-21',30.805,0.000,29.334,0.000,33.287,0.000,49.740,0.000
'2009-06-22',84.323,58.981,31.399,0.000,41.778,6.012,53.241,0.000
'2009-06-23',58.931,17.120,33.397,0.000,41.410,1.745,56.630,0.000
'2009-06-24',27.307,0.000,33.326,0.000,39.910,0.000,56.509,0.000
'2009-06-25',38.516,0.000,33.243,0.000,39.195,0.000,56.368,0.000
'2009-06-26',27.641,0.000,32.172,0.000,38.071,0.000,54.552,0.000
'2009-06-27',35.180,0.000,31.135,0.000,36.939,0.000,52.793,0.000
'2009-06-28',26.670,0.000,30.131,0.000,36.004,0.000,51.092,0.000
'2009-06-29',32.301,0.000,29.200,0.000,34.776,0.000,49.513,0.000
'2009-06-30',25.822,0.000,28.480,0.000,34.136,0.000,48.291,0.000
'2009-07-01',31.208,0.000,28.917,0.000,34.518,0.000,49.033,0.000
'2009-07-02',26.384,0.000,28.344,0.000,33.692,0.000,48.061,0.000
'2009-07-03',29.460,0.000,27.695,0.000,32.815,0.000,46.960,0.000
'2009-07-04',25.488,0.000,26.977,0.000,32.037,0.000,45.744,0.000
'2009-07-05',27.480,0.000,26.110,0.000,30.993,0.000,44.273,0.000
'2009-07-06',24.264,0.000,25.408,0.000,29.705,0.000,43.083,0.000
'2009-07-07',25.654,0.000,24.589,0.000,28.744,0.000,41.694,0.000
'2009-07-08',27.215,1.641,26.807,0.000,32.753,0.167,45.455,0.000
'2009-07-09',27.321,0.000,26.055,0.000,31.535,0.000,44.180,0.000
'2009-07-10',24.173,0.000,25.215,0.000,30.491,0.000,42.756,0.000
'2009-07-11',25.461,0.000,24.493,0.000,29.673,0.000,41.531,0.000
'2009-07-12',22.930,0.000,23.716,0.000,28.477,0.000,40.214,0.000
'2009-07-13',23.832,0.000,23.095,0.000,27.610,0.000,39.160,0.000
'2009-07-14',21.765,0.000,22.352,0.000,26.564,0.000,37.901,0.000
'2009-07-15',22.330,0.000,21.771,0.000,25.844,0.000,36.916,0.000
'2009-07-16',20.635,0.000,21.069,0.000,24.844,0.000,35.726,0.000
'2009-07-17',20.846,0.000,20.415,0.000,23.940,0.000,34.616,0.000
'2009-07-18',19.477,0.000,19.807,0.000,23.051,0.000,33.585,0.000
'2009-07-19',19.507,0.000,19.169,0.000,22.207,0.000,32.503,0.000
'2009-07-20',18.362,0.000,18.615,0.000,21.754,0.000,31.565,0.000
'2009-07-21',18.345,0.000,18.082,0.000,21.314,0.000,30.661,0.000
'2009-07-22',19.245,0.000,19.593,0.000,26.923,0.000,33.222,0.000
'2009-07-23',19.421,0.000,19.076,0.000,26.352,0.000,32.346,0.000
'2009-07-24',18.208,0.000,18.461,0.000,25.366,0.000,31.304,0.000
'2009-07-25',18.135,0.000,17.866,0.000,24.433,0.000,30.295,0.000
'2009-07-26',17.100,0.000,17.290,0.000,23.456,0.000,29.318,0.000
'2009-07-27',16.943,0.000,16.733,0.000,22.395,0.000,28.373,0.000
'2009-07-28',16.055,0.000,16.197,0.000,21.549,0.000,27.464,0.000
'2009-07-29',15.841,0.000,15.676,0.000,20.588,0.000,26.582,0.000
'2009-07-30',15.067,0.000,15.171,0.000,20.045,0.000,25.725,0.000
'2009-07-31',14.812,0.000,14.682,0.000,19.211,0.000,24.896,0.000
'2009-08-01',14.134,0.000,14.210,0.000,18.553,0.000,24.096,0.000
'2009-08-02',13.855,0.000,13.752,0.000,17.718,0.000,23.319,0.000
'2009-08-03',13.255,0.000,13.310,0.000,17.002,0.000,22.569,0.000
'2009-08-04',12.963,0.000,12.881,0.000,16.329,0.000,21.842,0.000
'2009-08-05',12.428,0.000,12.467,0.000,15.801,0.000,21.140,0.000
'2009-08-06',12.251,0.000,12.195,0.000,15.821,0.000,20.678,0.000
'2009-08-07',11.865,0.000,11.890,0.000,15.895,0.000,20.161,0.000
'2009-08-08',11.740,0.000,11.703,0.000,16.414,0.000,19.844,0.000
'2009-08-09',11.369,0.000,11.376,0.000,16.167,0.000,19.289,0.000
'2009-08-10',11.045,0.000,11.011,0.000,15.607,0.000,18.671,0.000
'2009-08-11',10.717,0.000,10.725,0.000,15.266,0.000,18.185,0.000
'2009-08-12',10.413,0.000,10.379,0.000,14.734,0.000,17.599,0.000
'2009-08-13',10.150,0.000,10.162,0.000,14.716,0.000,17.232,0.000
'2009-08-14',10.877,0.000,10.926,0.000,20.331,0.000,18.526,0.000
'2009-08-15',10.649,0.000,10.579,0.000,19.586,0.000,17.939,0.000
'2009-08-16',10.739,0.000,10.819,0.000,20.908,0.000,18.346,0.000
'2009-08-17',11.001,0.000,10.941,0.000,21.744,0.000,18.552,0.000
'2009-08-18',10.606,0.000,10.635,0.000,21.154,0.000,18.033,0.000
'2009-08-19',10.547,0.000,10.512,0.000,21.027,0.000,17.825,0.000
'2009-08-20',10.230,0.000,10.240,0.000,20.638,0.000,17.363,0.000
'2009-08-21',10.515,0.000,10.529,0.000,22.040,0.000,17.854,0.000
'2009-08-22',10.236,0.000,10.198,0.000,21.472,0.000,17.292,0.000
'2009-08-23',10.667,0.000,10.743,0.000,23.321,0.000,18.217,0.000
'2009-08-24',12.955,0.000,13.070,0.000,29.727,0.000,22.162,0.000
'2009-08-25',15.510,0.000,15.608,0.000,33.105,0.000,26.466,0.000
'2009-08-26',15.650,0.000,15.561,0.000,32.488,0.000,26.385,0.000
'2009-08-27',15.020,0.000,15.059,0.000,31.279,0.000,25.535,0.000
'2009-08-28',14.646,0.000,14.574,0.000,29.836,0.000,24.712,0.000
'2009-08-29',14.086,0.000,14.113,0.000,28.686,0.000,23.930,0.000
'2009-08-30',14.331,0.000,14.324,0.000,28.679,0.000,24.288,0.000
'2009-08-31',16.330,0.000,16.507,0.000,31.792,0.000,27.990,0.000
'2009-09-01',16.171,0.000,15.975,0.000,30.126,0.000,27.088,0.000
'2009-09-02',15.331,0.000,15.462,0.000,28.596,0.000,26.219,0.000
'2009-09-03',15.131,0.000,14.978,0.000,27.214,0.000,25.398,0.000
'2009-09-04',14.813,0.000,14.945,0.000,26.971,0.000,25.341,0.000
'2009-09-05',15.323,0.000,15.231,0.000,27.481,0.000,25.826,0.000
'2009-09-06',14.699,0.000,14.742,0.000,26.413,0.000,24.997,0.000
'2009-09-07',14.447,0.000,14.381,0.000,25.265,0.000,24.385,0.000
'2009-09-08',13.931,0.000,13.955,0.000,24.428,0.000,23.662,0.000
'2009-09-09',13.575,0.000,13.520,0.000,23.547,0.000,22.926,0.000
'2009-09-10',13.391,0.000,13.432,0.000,23.431,0.000,22.776,0.000
'2009-09-11',13.071,0.000,13.001,0.000,22.626,0.000,22.045,0.000
'2009-09-12',12.553,0.000,12.582,0.000,21.550,0.000,21.334,0.000
'2009-09-13',12.238,0.000,12.182,0.000,20.900,0.000,20.657,0.000
'2009-09-14',12.024,0.000,12.064,0.000,20.755,0.000,20.456,0.000
'2009-09-15',13.345,0.000,13.416,0.000,25.661,0.000,22.749,0.000
'2009-09-16',15.361,0.000,15.458,0.000,30.438,0.000,26.212,0.000
'2009-09-17',17.231,0.000,17.288,0.000,33.011,0.000,29.315,0.000
'2009-09-18',33.681,15.274,19.741,0.000,36.821,1.557,33.474,0.000
'2009-09-19',22.423,0.000,20.089,0.000,35.232,0.000,34.065,0.000
'2009-09-20',17.453,0.000,19.445,0.000,33.708,0.000,32.971,0.000
'2009-09-21',20.655,0.000,18.867,0.000,32.084,0.000,31.992,0.000
'2009-09-22',16.839,0.000,18.364,0.000,30.975,0.000,31.140,0.000
'2009-09-23',19.153,0.000,17.773,0.000,29.609,0.000,30.136,0.000
'2009-09-24',16.036,0.000,17.200,0.000,27.970,0.000,29.165,0.000
'2009-09-25',17.710,0.000,16.649,0.000,26.582,0.000,28.231,0.000
'2009-09-26',15.259,0.000,16.149,0.000,25.575,0.000,27.382,0.000
'2009-09-27',16.450,0.000,15.632,0.000,24.375,0.000,26.506,0.000
'2009-09-28',14.451,0.000,15.128,0.000,23.365,0.000,25.652,0.000
'2009-09-29',15.271,0.000,14.640,0.000,22.498,0.000,24.825,0.000
'2009-09-30',13.654,0.000,14.168,0.000,21.496,0.000,24.025,0.000
'2009-10-01',14.224,0.000,13.740,0.000,20.488,0.000,23.298,0.000
'2009-10-02',13.310,0.000,13.733,0.000,21.133,0.000,23.286,0.000
'2009-10-03',14.649,0.000,14.325,0.000,23.502,0.000,24.290,0.000
'2009-10-04',14.402,0.000,14.716,0.000,24.762,0.000,24.952,0.000
'2009-10-05',14.562,0.000,14.252,0.000,24.033,0.000,24.166,0.000
'2009-10-06',13.556,0.000,13.792,0.000,23.057,0.000,23.387,0.000
'2009-10-07',13.719,0.000,13.489,0.000,22.674,0.000,22.872,0.000
'2009-10-08',13.173,0.000,13.365,0.000,22.697,0.000,22.662,0.000
'2009-10-09',13.135,0.000,12.934,0.000,21.756,0.000,21.931,0.000
'2009-10-10',12.384,0.000,12.529,0.000,20.680,0.000,21.245,0.000
'2009-10-11',12.567,0.000,12.433,0.000,20.890,0.000,21.082,0.000
'2009-10-12',12.137,0.000,12.239,0.000,20.894,0.000,20.754,0.000
'2009-10-13',13.220,0.000,13.206,0.000,24.601,0.000,22.393,0.000
'2009-10-14',13.704,0.000,13.760,0.000,26.142,0.000,23.332,0.000
'2009-10-15',15.115,0.000,15.177,0.000,29.224,0.000,25.735,0.000
'2009-10-16',14.781,0.000,14.688,0.000,28.500,0.000,24.905,0.000
'2009-10-17',14.402,0.000,14.465,0.000,28.032,0.000,24.528,0.000
'2009-10-18',14.383,0.000,14.315,0.000,27.572,0.000,24.274,0.000
'2009-10-19',14.463,0.000,14.540,0.000,27.786,0.000,24.654,0.000
'2009-10-20',14.653,0.000,14.590,0.000,27.908,0.000,24.740,0.000
'2009-10-21',14.127,0.000,14.148,0.000,27.249,0.000,23.990,0.000
'2009-10-22',13.796,0.000,13.746,0.000,26.388,0.000,23.309,0.000
'2009-10-23',13.307,0.000,13.316,0.000,25.403,0.000,22.580,0.000
'2009-10-24',76.920,66.404,15.897,0.000,44.316,6.768,26.956,0.000
'2009-10-25',40.453,13.403,18.395,0.000,42.893,1.366,31.192,0.000
'2009-10-26',12.043,0.000,18.582,0.000,41.326,0.000,31.509,0.000
'2009-10-27',24.355,0.000,18.637,0.000,39.853,0.000,31.601,0.000
'2009-10-28',13.107,0.000,18.066,0.000,37.976,0.000,30.633,0.000
'2009-10-29',22.004,0.000,17.631,0.000,36.505,0.000,29.896,0.000
'2009-10-30',15.933,0.000,19.939,0.000,37.803,0.000,33.810,0.000
'2009-10-31',23.269,0.000,19.748,0.000,37.110,0.000,33.486,0.000
'2009-11-01',16.776,0.000,19.866,0.000,36.755,0.000,33.686,0.000
'2009-11-02',43.960,20.833,22.236,0.000,39.661,2.123,37.704,0.000
'2009-11-03',28.418,3.492,24.530,0.000,39.720,0.356,41.594,0.000
'2009-11-04',24.377,0.000,24.444,0.000,38.832,0.000,41.448,0.000
'2009-11-05',32.893,6.879,26.667,0.000,40.064,0.701,45.217,0.000
'2009-11-06',66.049,39.367,28.817,0.000,42.628,4.013,48.864,0.000
'2009-11-07',35.417,0.000,30.613,0.000,41.615,0.000,51.908,0.000
'2009-11-08',26.249,0.000,30.439,0.000,40.686,0.000,51.614,0.000
'2009-11-09',33.396,0.000,29.670,0.000,39.463,0.000,50.310,0.000
'2009-11-10',30.045,1.889,31.724,0.000,39.593,0.193,53.793,0.000
'2009-11-11',35.928,0.000,32.737,0.000,39.150,0.000,55.510,0.000
'2009-11-12',67.196,38.453,34.692,0.000,41.819,3.919,58.825,0.000
'2009-11-13',49.201,4.941,36.584,0.000,41.140,0.504,62.034,0.000
'2009-11-14',29.639,0.000,35.916,0.000,40.067,0.000,60.901,0.000
'2009-11-15',40.398,0.000,34.819,0.000,38.565,0.000,59.041,0.000
'2009-11-16',29.774,0.000,34.641,0.000,37.622,0.000,58.739,0.000
'2009-11-17',40.091,0.000,35.933,0.000,38.157,0.000,60.929,0.000
'2009-11-18',32.347,0.000,35.990,0.000,37.775,0.000,61.026,0.000
'2009-11-19',38.116,0.000,34.838,0.000,36.617,0.000,59.073,0.000
'2009-11-20',31.020,0.000,33.808,0.000,35.399,0.000,57.326,0.000
'2009-11-21',35.283,0.000,32.763,0.000,34.071,0.000,55.554,0.000
'2009-11-22',29.810,0.000,31.952,0.000,33.156,0.000,54.180,0.000
'2009-11-23',32.880,0.000,30.925,0.000,32.032,0.000,52.437,0.000
'2009-11-24',28.657,0.000,30.320,0.000,31.117,0.000,51.412,0.000
'2009-11-25',30.891,0.000,29.361,0.000,29.894,0.000,49.786,0.000
'2009-11-26',27.205,0.000,28.475,0.000,28.976,0.000,48.283,0.000
'2009-11-27',29.407,0.000,28.281,0.000,29.168,0.000,47.954,0.000
'2009-11-28',27.008,0.000,27.969,0.000,29.256,0.000,47.425,0.000
'2009-11-29',28.056,0.000,27.151,0.000,28.582,0.000,46.039,0.000
'2009-11-30',25.563,0.000,26.287,0.000,27.827,0.000,44.573,0.000
'2009-12-01',26.469,0.000,25.797,0.000,27.595,0.000,43.742,0.000
'2009-12-02',24.444,0.000,24.967,0.000,26.260,0.000,42.335,0.000
'2009-12-03',24.683,0.000,24.163,0.000,25.071,0.000,40.971,0.000
'2009-12-04',23.030,0.000,23.428,0.000,24.157,0.000,39.725,0.000
'2009-12-05',23.102,0.000,22.696,0.000,22.926,0.000,38.485,0.000
'2009-12-06',22.006,0.000,22.332,0.000,23.034,0.000,37.867,0.000
'2009-12-07',21.969,0.000,21.628,0.000,22.358,0.000,36.674,0.000
'2009-12-08',20.910,0.000,21.172,0.000,22.157,0.000,35.900,0.000
'2009-12-09',20.781,0.000,20.499,0.000,21.246,0.000,34.759,0.000
'2009-12-10',19.646,0.000,19.841,0.000,20.465,0.000,33.643,0.000
'2009-12-11',19.474,0.000,19.257,0.000,19.976,0.000,32.654,0.000
'2009-12-12',18.509,0.000,18.652,0.000,19.331,0.000,31.627,0.000
'2009-12-13',18.223,0.000,18.052,0.000,18.624,0.000,30.609,0.000
'2009-12-14',17.370,0.000,17.475,0.000,17.828,0.000,29.631,0.000
'2009-12-15',17.075,0.000,16.942,0.000,17.058,0.000,28.727,0.000
'2009-12-16',16.333,0.000,16.408,0.000,16.427,0.000,27.822,0.000
'2009-12-17',16.020,0.000,15.916,0.000,15.917,0.000,26.988,0.000
'2009-12-18',17.359,0.000,17.580,0.000,26.227,0.000,29.809,0.000
'2009-12-19',43.043,24.968,20.023,0.000,36.685,2.545,33.952,0.000
'2009-12-20',24.581,0.000,21.002,0.000,35.652,0.000,35.612,0.000
'2009-12-21',19.341,0.000,22.597,0.000,36.441,0.000,38.316,0.000
'2009-12-22',24.800,0.000,21.896,0.000,35.504,0.000,37.127,0.000
'2009-12-23',18.779,0.000,21.271,0.000,34.499,0.000,36.069,0.000
'2009-12-24',22.864,0.000,20.634,0.000,33.361,0.000,34.988,0.000
'2009-12-25',48.634,30.144,22.979,0.000,38.779,3.073,38.965,0.000
'2009-12-26',64.054,35.470,25.249,0.000,40.240,3.615,42.813,0.000
'2009-12-27',61.589,37.383,27.446,0.000,41.302,3.810,46.538,0.000
'2009-12-28',34.407,0.000,28.755,0.000,40.261,0.000,48.757,0.000
'2009-12-29',23.046,0.000,27.928,0.000,38.875,0.000,47.356,0.000
'2009-12-30',31.375,0.000,27.034,0.000,37.483,0.000,45.839,0.000
'2009-12-31',22.540,0.000,26.280,0.000,36.115,0.000,44.561,0.000
'2010-01-01',28.956,0.000,25.634,0.000,34.521,0.000,43.465,0.000
'2010-01-02',22.075,0.000,24.927,0.000,33.069,0.000,42.267,0.000
'2010-01-03',26.711,0.000,24.155,0.000,31.393,0.000,40.958,0.000
'2010-01-04',21.203,0.000,23.379,0.000,29.811,0.000,39.642,0.000
'2010-01-05',24.683,0.000,22.728,0.000,28.399,0.000,38.539,0.000
'2010-01-06',20.358,0.000,22.012,0.000,27.046,0.000,37.325,0.000
'2010-01-07',22.807,0.000,21.305,0.000,26.032,0.000,36.125,0.000
'2010-01-08',19.368,0.000,20.631,0.000,24.996,0.000,34.982,0.000
'2010-01-09',21.127,0.000,19.971,0.000,23.923,0.000,33.864,0.000
'2010-01-10',18.592,0.000,19.573,0.000,23.672,0.000,33.188,0.000
'2010-01-11',19.980,0.000,19.084,0.000,23.274,0.000,32.359,0.000
'2010-01-12',17.734,0.000,18.470,0.000,22.512,0.000,31.319,0.000
'2010-01-13',18.699,0.000,18.020,0.000,21.977,0.000,30.555,0.000
'2010-01-14',16.957,0.000,17.512,0.000,21.204,0.000,29.693,0.000
'2010-01-15',17.491,0.000,16.963,0.000,20.129,0.000,28.764,0.000
'2010-01-16',15.997,0.000,16.416,0.000,19.241,0.000,27.836,0.000
'2010-01-17',16.304,0.000,15.896,0.000,18.513,0.000,26.955,0.000
'2010-01-18',15.103,0.000,15.423,0.000,17.962,0.000,26.151,0.000
'2010-01-19',15.249,0.000,14.930,0.000,17.131,0.000,25.317,0.000
'2010-01-20',14.225,0.000,14.467,0.000,16.530,0.000,24.532,0.000
'2010-01-21',14.294,0.000,14.049,0.000,15.945,0.000,23.822,0.000
'2010-01-22',13.595,0.000,13.789,0.000,16.036,0.000,23.381,0.000
'2010-01-23',13.882,0.000,13.706,0.000,17.104,0.000,23.241,0.000
'2010-01-24',13.662,0.000,13.826,0.000,19.056,0.000,23.443,0.000
'2010-01-25',13.812,0.000,13.656,0.000,19.515,0.000,23.156,0.000
'2010-01-26',13.161,0.000,13.268,0.000,18.920,0.000,22.497,0.000
'2010-01-27',13.389,0.000,13.299,0.000,20.002,0.000,22.550,0.000
'2010-01-28',14.022,0.000,14.169,0.000,23.548,0.000,24.026,0.000
'2010-01-29',13.921,0.000,13.760,0.000,22.779,0.000,23.333,0.000
'2010-01-30',13.215,0.000,13.322,0.000,21.653,0.000,22.589,0.000
'2010-01-31',13.022,0.000,12.895,0.000,20.833,0.000,21.866,0.000
'2010-02-01',12.411,0.000,12.490,0.000,19.767,0.000,21.178,0.000
'2010-02-02',12.194,0.000,12.094,0.000,18.989,0.000,20.507,0.000
'2010-02-03',11.652,0.000,11.709,0.000,18.210,0.000,19.854,0.000
'2010-02-04',11.412,0.000,11.333,0.000,17.420,0.000,19.216,0.000
'2010-02-05',10.978,0.000,11.023,0.000,16.860,0.000,18.692,0.000
'2010-02-06',11.349,0.000,11.334,0.000,19.310,0.000,19.218,0.000
'2010-02-07',11.041,0.000,11.031,0.000,19.148,0.000,18.705,0.000
'2010-02-08',10.716,0.000,10.699,0.000,18.548,0.000,18.141,0.000
'2010-02-09',11.011,0.000,11.054,0.000,20.551,0.000,18.744,0.000
'2010-02-10',10.818,0.000,10.757,0.000,20.089,0.000,18.240,0.000
'2010-02-11',10.413,0.000,10.442,0.000,19.385,0.000,17.705,0.000
'2010-02-12',10.156,0.000,10.105,0.000,18.504,0.000,17.134,0.000
'2010-02-13',9.770,0.000,9.791,0.000,17.550,0.000,16.601,0.000
'2010-02-14',10.202,0.000,10.218,0.000,19.916,0.000,17.325,0.000
'2010-02-15',9.929,0.000,9.890,0.000,19.085,0.000,16.769,0.000
'2010-02-16',9.580,0.000,9.591,0.000,18.331,0.000,16.264,0.000
'2010-02-17',9.325,0.000,9.292,0.000,17.784,0.000,15.756,0.000
'2010-02-18',8.990,0.000,8.996,0.000,16.911,0.000,15.254,0.000
'2010-02-19',8.746,0.000,8.720,0.000,16.056,0.000,14.786,0.000
'2010-02-20',8.476,0.000,8.481,0.000,15.654,0.000,14.381,0.000
'2010-02-21',8.576,0.000,8.580,0.000,16.917,0.000,14.548,0.000
'2010-02-22',8.439,0.000,8.423,0.000,16.798,0.000,14.283,0.000
'2010-02-23',10.768,0.000,10.981,0.000,28.847,0.000,18.620,0.000
'2010-02-24',11.366,0.000,11.196,0.000,28.822,0.000,18.985,0.000
'2010-02-25',12.994,0.000,13.307,0.000,31.850,0.000,22.565,0.000
'2010-02-26',20.012,4.394,15.889,0.000,35.261,0.448,26.942,0.000
'2010-02-27',16.304,0.000,15.710,0.000,33.724,0.000,26.639,0.000
'2010-02-28',14.735,0.000,15.217,0.000,31.739,0.000,25.802,0.000
'2010-03-01',15.192,0.000,14.733,0.000,30.427,0.000,24.982,0.000
'2010-03-02',14.376,0.000,14.782,0.000,29.890,0.000,25.064,0.000
'2010-03-03',15.100,0.000,14.743,0.000,29.388,0.000,24.998,0.000
'2010-03-04',13.994,0.000,14.270,0.000,28.242,0.000,24.196,0.000
'2010-03-05',14.089,0.000,13.812,0.000,27.062,0.000,23.420,0.000
'2010-03-06',14.449,0.000,14.766,0.000,28.701,0.000,25.038,0.000
'2010-03-07',14.867,0.000,14.574,0.000,27.837,0.000,24.713,0.000
'2010-03-08',13.984,0.000,14.212,0.000,26.585,0.000,24.098,0.000
'2010-03-09',14.301,0.000,14.093,0.000,26.211,0.000,23.896,0.000
'2010-03-10',16.024,0.000,16.385,0.000,30.881,0.000,27.784,0.000
'2010-03-11',18.663,0.000,18.513,0.000,33.192,0.000,31.391,0.000
'2010-03-12',17.845,0.000,17.931,0.000,31.806,0.000,30.404,0.000
'2010-03-13',17.512,0.000,17.395,0.000,30.463,0.000,29.495,0.000
'2010-03-14',19.155,0.000,19.415,0.000,32.973,0.000,32.922,0.000
'2010-03-15',19.080,0.000,18.804,0.000,31.117,0.000,31.885,0.000
'2010-03-16',18.061,0.000,18.259,0.000,29.573,0.000,30.961,0.000
'2010-03-17',18.471,0.000,18.301,0.000,29.124,0.000,31.031,0.000
'2010-03-18',17.995,0.000,18.131,0.000,28.895,0.000,30.744,0.000
'2010-03-19',17.725,0.000,17.561,0.000,27.930,0.000,29.778,0.000
'2010-03-20',17.235,0.000,17.362,0.000,27.408,0.000,29.440,0.000
'2010-03-21',16.958,0.000,16.803,0.000,26.200,0.000,28.491,0.000
'2010-03-22',16.502,0.000,16.624,0.000,25.849,0.000,28.189,0.000
'2010-03-23',16.550,0.000,16.428,0.000,25.532,0.000,27.856,0.000
'2010-03-24',16.178,0.000,16.272,0.000,25.234,0.000,27.592,0.000
'2010-03-25',15.881,0.000,15.759,0.000,23.609,0.000,26.721,0.000
'2010-03-26',15.466,0.000,15.558,0.000,23.358,0.000,26.381,0.000
'2010-03-27',15.181,0.000,15.061,0.000,22.666,0.000,25.539,0.000
'2010-03-28',14.521,0.000,14.589,0.000,21.546,0.000,24.737,0.000
'2010-03-29',14.366,0.000,14.283,0.000,21.179,0.000,24.218,0.000
'2010-03-30',14.935,0.000,15.069,0.000,24.178,0.000,25.551,0.000
'2010-03-31',14.808,0.000,14.659,0.000,23.488,0.000,24.857,0.000
'2010-04-01',14.236,0.000,14.342,0.000,22.887,0.000,24.319,0.000
'2010-04-02',14.400,0.000,14.305,0.000,23.012,0.000,24.256,0.000
'2010-04-03',14.411,0.000,14.511,0.000,23.869,0.000,24.606,0.000
'2010-04-04',14.394,0.000,14.290,0.000,23.859,0.000,24.230,0.000
'2010-04-05',25.011,9.179,16.839,0.000,32.453,0.936,28.554,0.000
'2010-04-06',26.111,5.856,19.307,0.000,34.950,0.597,32.738,0.000
'2010-04-07',45.167,26.068,21.695,0.000,38.732,2.657,36.787,0.000
'2010-04-08',110.608,89.464,24.006,0.000,43.731,9.119,40.706,0.000
'2010-04-09',99.503,69.360,26.243,0.000,43.764,7.070,44.498,0.000
'2010-04-10',42.940,13.772,28.407,0.000,42.456,1.404,48.169,0.000
'2010-04-11',127.441,104.887,30.502,0.000,46.245,10.691,51.720,0.000
'2010-04-12',91.303,47.494,32.529,0.000,45.209,4.841,55.158,0.000
'2010-04-13',46.540,19.918,34.491,0.000,44.241,2.030,58.485,0.000
'2010-04-14',90.262,49.442,36.390,0.000,44.692,5.040,61.704,0.000
'2010-04-15',47.514,10.244,38.227,0.000,43.580,1.044,64.820,0.000
'2010-04-16',45.853,4.717,40.005,0.000,43.233,0.481,67.835,0.000
'2010-04-17',38.907,0.000,39.488,0.000,41.911,0.000,66.957,0.000
'2010-04-18',38.945,0.000,38.348,0.000,40.083,0.000,65.025,0.000
'2010-04-19',73.092,36.480,40.123,0.000,42.177,3.718,68.034,0.000
'2010-04-20',46.859,0.000,41.006,0.000,40.683,0.000,69.532,0.000
