2.838873246010769691e+01
2.850191487087292685e+01
2.933808643898267476e+01
2.890709853440188226e+01
2.973606707540790595e+01
2.894863250818145417e+01
2.795087070679396746e+01
2.828555842196003667e+01
2.770865738257933231e+01
2.804486684049113521e+01
2.917932238203755801e+01
2.912209260061885630e+01
2.922787209842982037e+01
2.866090234477868393e+01
2.810143320747975437e+01
2.747320740946223339e+01
2.741622757643796149e+01
2.669811212346795060e+01
2.741387180799848622e+01
2.707911611406990815e+01
2.872578299447391714e+01
2.808222429939869969e+01
2.873580926187922557e+01
2.789320304956329011e+01
2.852472105990634788e+01
2.915533657288283464e+01
2.935185966063081509e+01
2.988413377826133299e+01
2.937584722711798690e+01
2.746393231595500239e+01
2.771276366844605832e+01
2.756036454104305733e+01
2.903414882702773880e+01
3.006225099456444383e+01
3.094599209474713675e+01
3.009888991880952602e+01
2.986783411261740540e+01
2.912096263585465650e+01
2.935465746247366425e+01
2.910241868522729902e+01
2.978911039802465410e+01
2.929831303371472373e+01
2.806516263726052429e+01
2.794728096951259744e+01
2.794270558303661645e+01
2.749809438726875044e+01
2.720823703723007370e+01
2.853712446234199263e+01
2.980156898498535156e+01
2.976080562291520337e+01
2.811516961087001931e+01
2.905840342232350437e+01
2.980160535319467741e+01
2.890454474459873069e+01
2.951778930492615416e+01
2.849352065097080100e+01
2.781304983074745607e+01
2.843360658709922362e+01
2.824971910540977049e+01
2.994648054744420307e+01
2.951685616139615576e+01
2.828814677977829817e+01
2.785145656714278672e+01
2.957285000233168049e+01
3.079817283287476926e+01
2.975506471783927154e+01
3.023157623376739167e+01
2.918977553121159474e+01
2.938520062907358366e+01
2.952134556716747582e+01
2.884367694211809763e+01
2.833453495582837789e+01
2.784860677397653106e+01
2.909343370159020736e+01
2.915887410453196438e+01
2.829449480035331987e+01
2.745725243814875682e+01
2.791648249679736793e+01
2.718605294388331828e+01
2.916864071535260550e+01
2.797637272952647791e+01
2.777257822872547521e+01
2.779526491915241948e+01
2.823384621438015785e+01
2.868374164452713515e+01
2.801243372713581792e+01
2.760441957966665072e+01
2.705876706155498468e+01
2.897905143994963595e+01
2.846564950835838914e+01
2.684798060642199502e+01
2.756190985776065361e+01
2.841299967819385230e+01
2.841154194949718104e+01
3.068213640705922884e+01
3.069384163417173284e+01
2.985546842853674576e+01
2.736478076891952682e+01
2.701758712597107603e+01
2.879901813121324139e+01
2.900342216920316929e+01
2.841333324989576070e+01
2.968627186035842058e+01
2.866040347667222576e+01
2.803362205591094636e+01
3.011788593249374557e+01
2.934099227390932185e+01
2.971125002657429448e+01
2.995985056844989813e+01
3.002143313375751532e+01
2.957882000355238361e+01
2.967118627569648481e+01
2.955250202136093307e+01
2.892446335781826150e+01
2.944656708535183753e+01
3.011160586925035076e+01
2.908016507009442009e+01
3.053779805644174772e+01
2.840448190924826477e+01
2.792147214225169094e+01
2.791601273183072607e+01
2.845654920513710451e+01
2.779236384188191167e+01
2.725362361950820755e+01
2.810985082990667649e+01
2.873511363683121900e+01
2.814476441801264173e+01
2.768177776122361067e+01
2.892510347687796113e+01
3.024979089886954498e+01
3.062250047319390944e+01
2.984689039594671556e+01
2.859250685873995934e+01
2.902618753240349747e+01
2.974936532438471204e+01
2.859734719522883495e+01
2.936878896563240815e+01
2.916118647543232001e+01
2.867578637198116098e+01
2.925435994180400812e+01
2.829404082994782499e+01
2.822966832793160918e+01
2.907883695538124513e+01
2.960263235113593794e+01
2.872925882660940644e+01
2.984341962149973781e+01
3.061702156066894531e+01
3.000346657399381201e+01
2.755850303307008176e+01
2.877322274111629952e+01
2.916553887356533181e+01
3.078080655215831385e+01
3.159898348604695073e+01
3.093247435066137285e+01
3.060945558012201673e+01
2.875898506936062660e+01
2.824876560254043412e+01
2.781491701790455906e+01
2.926528977812006360e+01
2.958384301689233808e+01
2.847709441452883539e+01
2.853073463011323696e+01
2.927548044183281206e+01
2.809766657968585335e+01
2.762609093912531932e+01
2.901798441168967102e+01
2.849505077319198776e+01
2.972077099660809196e+01
3.011450473913985704e+01
3.062442590949240540e+01
3.011522215939639580e+01
2.963369427370221487e+01
2.717335265941834166e+01
2.790195900134825990e+01
2.891337246841259301e+01
2.835700510860828771e+01
2.903366301032934160e+01
2.847560228926412051e+01
2.806264540854464684e+01
2.821717047959231195e+01
2.820142227344298647e+01
2.853879178507944303e+01
2.914665880096092820e+01
2.830109465524051870e+01
2.832092763064952479e+01
2.790016217178173363e+01
3.047558523028084565e+01
2.863517347614416764e+01
2.953518537457069826e+01
2.910327589913700308e+01
2.844849307885330703e+01
2.836388045750307185e+01
2.890506928690363964e+01
2.930404937401246457e+01
2.852731666136323696e+01
2.853115690424201034e+01
2.934397030948253260e+01
2.954646236976880758e+01
2.932867802394909873e+01
2.879186452372690397e+01
2.859814489557501815e+01
2.837819703777184799e+01
2.868420455161105309e+01
2.867128592930482966e+01
3.035896018381868799e+01
3.046396006894915232e+01
3.082094147500027503e+01
3.019616424903441043e+01
3.020859362570087470e+01
2.991861703422632246e+01
2.786620883727341536e+01
3.039513043607218989e+01
2.911694250213965773e+01
3.016016319360625886e+01
3.062907990444912087e+01
2.914690367023596451e+01
2.994240816523519655e+01
2.961742126807737918e+01
2.871345016393768645e+01
2.814942310633284350e+01
2.853109614768724711e+01
2.959586347087045866e+01
3.057223257857761922e+01
2.891618529330478538e+01
2.925449566358930653e+01
2.866653624545322288e+01
2.989884271514549852e+01
3.007331800996587390e+01
2.808649131689178802e+01
2.883524628971400006e+01
2.897523204932052110e+01
2.837282086490245447e+01
2.830548547894766998e+01
2.998002952404236510e+01
2.888696475511186534e+01
2.886885801593908951e+01
2.915043843730112272e+01
2.897045039059070959e+01
2.924290547745951230e+01
3.033207931947172398e+01
2.970207722267408101e+01
2.962409585245539745e+01
2.883765032050314758e+01
3.131325093815835814e+01
3.151189285449767397e+01
3.148003886790757733e+01
2.963284738947836061e+01
2.988937772257944303e+01
2.955975408232614043e+01
3.105536634466621138e+01
3.009283228670613042e+01
2.965714443935437217e+01
2.989402563116523481e+01
2.994062601582387728e+01
2.969671510846427154e+01
2.848127427261866984e+01
2.958686584301209166e+01
2.779346611794461097e+01
2.824268994706400449e+01
2.802422808529285803e+01
2.865329712428403752e+01
2.994041301427262525e+01
3.045910104472985580e+01
3.082734092969572970e+01
2.990908693463614654e+01
3.029532586858513810e+01
3.183916501248820552e+01
3.124841437179050985e+01
3.123439831680126488e+01
3.096008902989076716e+01
2.992695542667689068e+01
2.911939042337824901e+01
3.068050129493970601e+01
3.074481346901882972e+01
2.969008968653303882e+01
3.007103654239954693e+01
2.960617245449109092e+01
2.918888282775878906e+01
2.947807492031140342e+01
2.943419987967844875e+01
2.962705929359693258e+01
2.995824190204062987e+01
3.098821089240941973e+01
2.984153516105051906e+01
2.759818587142429891e+01
2.789367999387591013e+01
2.836431353279713719e+01
2.711521804466676144e+01
2.760078758068299010e+01
2.889295402269684843e+01
2.965341120087698457e+01
2.855225766642709928e+01
2.869393065806185206e+01
2.826959648560941929e+01
2.918694961204957394e+01
2.961746007940742231e+01
2.885300419839580499e+01
2.915031791001223382e+01
2.949256498358222700e+01
3.036816425537795183e+01
3.035349875889467341e+01
2.981654267900445632e+01
2.830282254165478051e+01
2.865372567766168288e+01
2.792312409904565840e+01
2.799421700466884744e+01
2.863665887211146099e+01
2.835938772994480672e+01
2.805399991153331385e+01
2.768016928769229423e+01
2.830745504143532898e+01
2.789967290471109251e+01
2.948092055588625726e+01
3.070717640137404558e+01
2.979207973265915754e+01
2.989803781402245164e+01
2.832909710487622945e+01
2.864020776212885266e+01
2.977764502536044944e+01
3.027705779772126249e+01
2.888584184110834485e+01
2.879972286438674089e+01
2.845570776435766192e+01
3.108187321866496333e+01
3.041223412417294014e+01
2.995365095674321765e+01
2.975333854589569427e+01
3.045094205020518885e+01
3.048972106247805414e+01
3.014563847659679041e+01
2.989004240143164992e+01
2.883684115463428199e+01
2.892765681663255961e+01
2.926045737105808797e+01
3.015584564208984375e+01
3.160634231567382812e+01
3.116723744253094353e+01
3.147818936122937217e+01
3.219951822516623707e+01
2.987240913476836823e+01
2.978603125154302234e+01
3.037519264221191406e+01
3.026981718084785200e+01
3.032904577791020984e+01
2.938682129677761878e+01
2.958875546830423886e+01
3.020548531178678076e+01
3.100823850310250762e+01
3.172509892067212789e+01
3.149753675567969680e+01
3.085367222046584246e+01
2.855986346555559763e+01
2.810155064872141750e+01
2.727318890175122945e+01
2.830360669768258575e+01
2.885577741901526139e+01
2.863063863689979982e+01
2.861978273713186738e+01
2.932505843344699059e+01
2.912863658519273358e+01
2.842290091782473382e+01
2.766368334480885594e+01
2.940835755594660839e+01
2.986038795214020780e+01
3.124562087755524686e+01
3.120125421245446518e+01
3.063764449987518645e+01
3.186759297231609978e+01
3.181687194309877498e+01
3.136429242337687739e+01
3.063627888111586017e+01
3.032445714714821960e+01
3.132498959744914302e+01
3.105824779124742108e+01
2.958604759044861510e+01
2.896320040842120491e+01
3.058780415138501851e+01
3.052574783496642397e+01
3.232752823561764899e+01
3.238157606660649890e+01
3.053954878817783225e+01
3.091527951701303678e+01
3.084399718381045830e+01
3.102146266551499920e+01
3.149415384785512728e+01
3.305745508429709645e+01
3.308757734834478015e+01
3.115570505549398561e+01
2.941731345787476926e+01
3.004303392131676986e+01
3.103990507661626452e+01
3.088177110907736633e+01
3.143938694643170706e+01
3.070904039532950591e+01
3.179080592380480752e+01
3.195815429258882290e+01
3.290871112266283660e+01
3.169283136089196518e+01
3.220574141084478015e+01
3.270325328526872255e+01
3.227733384893181778e+01
2.952785701966017839e+01
2.874201650298043731e+01
3.102061635992500044e+01
2.968990844555115416e+01
2.929478681757208847e+01
3.071907232048806335e+01
3.185164273722788053e+01
3.218158927660309843e+01
3.060076994306585618e+01
3.127299876695268566e+01
3.018190017443024686e+01
2.977715432242061411e+01
3.192461114519097976e+01
3.234682816066099065e+01
3.017110635993185852e+01
3.331373681914940477e+01
3.014236300179127781e+01
3.057587190692344237e+01
2.915236736683363361e+01
2.858647725823220398e+01
2.889220737071519451e+01
3.069973789172226120e+01
3.142881097686424852e+01
3.090193971355309799e+01
3.095662277736020940e+01
2.959414175655064838e+01
2.985092951742450751e+01
3.078918911365980549e+01
3.063257950343442815e+01
3.137851721517155568e+01
3.126064131233129473e+01
3.001807849326830180e+01
3.045978895465979264e+01
2.970649147033691406e+01
3.040813968958479663e+01
3.012476271725772392e+01
3.132791559883717625e+01
3.205803127503126859e+01
3.150400613934806060e+01
3.035496291685640102e+01
2.843496284056245571e+01
2.919626576712962063e+01
2.953535592154170786e+01
2.998491368668802792e+01
3.016783262102791596e+01
3.016147502084796272e+01
3.184015402633152547e+01
3.263201848576577646e+01
2.945806582590167366e+01
3.002402714932902583e+01
3.058542283733239486e+01
3.064593769459242267e+01
3.014869456344775855e+01
2.940884041518307868e+01
3.011558856321184763e+01
3.092624169253231514e+01
2.894132697716187863e+01
2.947901091414890828e+01
2.882236652159958723e+01
2.863008430566680573e+01
2.840950648704271586e+01
2.927777583947342421e+01
2.906470778818880518e+01
2.860498494780465606e+01
2.821720734071195835e+01
2.835104790162504429e+01
2.822988724440671149e+01
2.880374535549892556e+01
2.792437872725925985e+01
2.883587858650121660e+01
2.823551360141025413e+01
3.047044327553738441e+01
2.882575525862447208e+01
2.972206743647543092e+01
3.033822231078415754e+01
3.085308987906809719e+01
3.244656192050891264e+01
3.116578798615530488e+01
3.066006338998172964e+01
2.795016147313492993e+01
2.799777755308686977e+01
2.957685989208435728e+01
2.929169215513079294e+01
2.872923898161127454e+01
2.952136682660391998e+01
2.962322057231088834e+01
2.889604135577598143e+01
2.707479875543144487e+01
2.886977870812576796e+01
2.804700864298959928e+01
2.936142614986119526e+01
3.070706838972112962e+01
3.058201952730671636e+01
2.995039174797829773e+01
3.007544230343250646e+01
2.924588473459307991e+01
2.884080901842438749e+01
2.895372135719556539e+01
2.954887763034091819e+01
3.039179176159119322e+01
3.044845210300402627e+01
3.079457872369316362e+01
3.140125180362315760e+01
2.976388108328487192e+01
2.844809924350695596e+01
2.825615677137053439e+01
2.922491654385341775e+01
2.962373349907693054e+01
2.916480767325069223e+01
2.853788873050989849e+01
2.715741601151027140e+01
2.833173027467191929e+01
2.944950536663612795e+01
2.923421023936753826e+01
2.882341007704145497e+01
2.863315352964936977e+01
2.856257867277338391e+01
2.846750658013847612e+01
2.897347441683994163e+01
2.932296915804402104e+01
2.936985442343722497e+01
2.921522601266925179e+01
2.950631128804067416e+01
2.803761420089207235e+01
2.747432635875230389e+01
2.860437566778632856e+01
2.807672007700030647e+01
2.739005663153830383e+01
2.759992046570510027e+01
2.832879188623321198e+01
2.869629163420602325e+01
2.880078960804457111e+01
3.019699465290883822e+01
2.894945311814211664e+01
2.694120610697885709e+01
2.903422471378626568e+01
2.796021317899896985e+01
2.850506403205099915e+01
2.778257753607931946e+01
2.870475141118081908e+01
2.864368614453947970e+01
2.818363215414325751e+01
2.835541086518362519e+01
2.844700622558593750e+01
2.734480137771435082e+01
2.813138230998864486e+01
2.819493032305428315e+01
2.880069308334521949e+01
2.884280414795607683e+01
2.772064545449246253e+01
2.735886380913552429e+01
2.747425272223654602e+01
2.770685191636674816e+01
2.860778971468464604e+01
2.869991435361712107e+01
2.866769790649414062e+01
2.787304128153940397e+01
2.764476878991287734e+01
2.850906524229585415e+01
2.703174423903561774e+01
2.670136582449580942e+01
2.683992420153671432e+01
2.639572124266892317e+01
2.769189478842060126e+01
2.850006645716977971e+01
2.849911432587698457e+01
2.867459033580308514e+01
2.907739257812500000e+01
2.879428627785672035e+01
3.030400914824410918e+01
2.885570108220818497e+01
2.851992739988176950e+01
2.838113448325167809e+01
2.822924163904082917e+01
2.819740996200047078e+01
2.780079575870814068e+01
2.743616918499550295e+01
2.822414404622624318e+01
2.890963112906123911e+01
2.738476438200875762e+01
2.963815605506468387e+01
2.864311706885862918e+01
2.851636674430933027e+01
2.796102778831224711e+01
2.764960869778408181e+01
2.959071105785584166e+01
2.934325211771418651e+01
2.855601932225602368e+01
2.671449620536204250e+01
2.770802343561408065e+01
2.768239687801746740e+01
2.700292415833205339e+01
2.812901927647965650e+01
2.687876594200562863e+01
2.842499522948532942e+01
2.669589289118734499e+01
2.860488666577285599e+01
2.840261615796035599e+01
2.953373443946409793e+01
2.859012082989296388e+01
2.843585685129915674e+01
2.898277280571755554e+01
2.835286354750729743e+01
2.858688808826918049e+01
2.917311224776707235e+01
2.957175034083677190e+01
2.926306435231412451e+01
2.845886247613456987e+01
2.692821704135851846e+01
2.735890643516283305e+01
3.017212764868575547e+01
2.730847110105364450e+01
2.859450048810980149e+01
2.737186356876673443e+01
2.758155173398135673e+01
2.777298187941647711e+01
2.787797207778759301e+01
2.831515702236904275e+01
2.880806845761416923e+01
2.935940054561314838e+01
2.906688893778940397e+01
2.919824304473534227e+01
2.928036168987831545e+01
2.910567744394366585e+01
2.842984268102753020e+01
2.924781876467586983e+01
2.743155783749698173e+01
2.774951390470011958e+01
2.818184957611426711e+01
2.832474890719638694e+01
2.819257048274693744e+01
2.787138441707310932e+01
2.785973587464750523e+01
2.809472641248381564e+01
2.802759329120764420e+01
2.906313891893022472e+01
2.831560278474614734e+01
2.870911167444807788e+01
2.901842121595747059e+01
2.949919042694434523e+01
2.828551436006353015e+01
2.796138274803590207e+01
2.769103922468892520e+01
2.981277785140476766e+01
2.893632333734062456e+01
2.805153535992911529e+01
3.097244963485203328e+01
3.040449125311347700e+01
3.030548078558418013e+01
3.000953820046414222e+01
3.013848375470450591e+01
2.916036957301450627e+01
2.881044788574904558e+01
2.813462658142775652e+01
2.789192823345741701e+01
2.808465676897027663e+01
2.778469263569692416e+01
2.778566259748480149e+01
2.775889878862359694e+01
2.814954479088943984e+01
2.750378799438476562e+01
2.698337910684307062e+01
2.804735980944687057e+01
2.865844413671600677e+01
2.845516421285907782e+01
2.779886269301510993e+01
2.774480174632554608e+01
2.838370074582903513e+01
2.693130911066290878e+01
2.830103919211398278e+01
2.839371651210142034e+01
2.802244694313306539e+01
2.918597255663925338e+01
2.879833545041887888e+01
2.829596322306086620e+01
2.734006858139895257e+01
2.744654773326402264e+01
2.795233880803826310e+01
2.809528183669186774e+01
2.735318528936150528e+01
2.661472249834725190e+01
2.714971814530619199e+01
2.786223730880222860e+01
2.794457634915126931e+01
2.782398337460635673e+01
2.679878569185063952e+01
2.591905428854267157e+01
2.712440797184290631e+01
2.739797431431459529e+01
2.786198894629317735e+01
2.675220350201210451e+01
2.750883166709642680e+01
2.772452071543489893e+01
2.766670749964339038e+01
2.822150243266245084e+01
2.625289256920975234e+01
2.865910530090332031e+01
2.901282895548959928e+01
2.849662851483634185e+01
2.749742975127831102e+01
2.685066838210888207e+01
2.741330648272225190e+01
2.768738116575091013e+01
2.837705301434806060e+01
2.944969753736860341e+01
2.770435058936644168e+01
2.843189481670937013e+01
2.834095541278967545e+01
2.860499039124906773e+01
2.931956064031365372e+01
2.791752945974971567e+01
2.749231764975558434e+01
2.764322400896736909e+01
2.779040370898300338e+01
2.863357014602489770e+01
2.819877573077598143e+01
2.682083997833594680e+01
2.709335470735356921e+01
2.748984158976694303e+01
2.752956274654088276e+01
2.756424492396665471e+01
2.712514930896544740e+01
2.792001383492116062e+01
2.834583918967943461e+01
2.792780284667282942e+01
2.814449282442585698e+01
2.818813045373123671e+01
2.896199841445751488e+01
2.922111545519882370e+01
2.942822857117385027e+01
2.981137209260061738e+01
2.928886117828026414e+01
2.799277798513348259e+01
2.664566102188624797e+01
2.782091042165006201e+01
2.867629807718684276e+01
2.850493921858540958e+01
2.852294529689831748e+01
2.923565018043089481e+01
3.026478823115316530e+01
2.916964560948061091e+01
3.089599939410605955e+01
3.115739477350470565e+01
3.048781187078925825e+01
3.028070773435442575e+01
2.935417488183868073e+01
2.868928632843360305e+01
2.912630916981214924e+01
2.871082603797484012e+01
2.857667273617862236e+01
2.907836431867620774e+01
2.875157602717367311e+01
2.986659221434861067e+01
3.063482651014006564e+01
3.092830291490876249e+01
2.900130672669142839e+01
2.773343274834450867e+01
2.830047069506698776e+01
2.979348169819692416e+01
3.011504338296611749e+01
2.931708258725284111e+01
3.068472204315528273e+01
3.118631952264335894e+01
3.096531422218579976e+01
2.859476098049892556e+01
2.891389446044236067e+01
2.778813430700409270e+01
2.681534651424107807e+01
2.675218597154938749e+01
2.685402925898519655e+01
2.779950789119420307e+01
2.762584754858124114e+01
2.802622495072611386e+01
2.735330243057079613e+01
2.845838030268636842e+01
2.837386596336793332e+01
2.777739400542184356e+01
2.796720048282923443e+01
2.785082221299074945e+01
2.772516434915949901e+01
2.837450033895085255e+01
2.794754731253291880e+01
2.860974114664485057e+01
2.695289553953020700e+01
2.836716309022367710e+01
2.916724712929029195e+01
2.919017845325255678e+01
2.850223541259765625e+01
2.802952269221959369e+01
2.720257032587286972e+01
2.728173795978674576e+01
2.682419170422500443e+01
2.697563932183083679e+01
2.718308165903841456e+01
2.767257816871900289e+01
2.812297467435343989e+01
2.789511905627304245e+01
2.693014457788360261e+01
2.638792346568589764e+01
2.741972882560130031e+01
2.763964001516277946e+01
2.739603578374627091e+01
2.767571187823006440e+01
2.743614698260018159e+01
2.847319232212023721e+01
2.829620547776811534e+01
2.768532729416750726e+01
2.758928620413448130e+01
2.756369282154554767e+01
2.712136191464541923e+01
2.718983026568809080e+01
2.829263524259074458e+01
2.891695112592718431e+01
2.844750922985291197e+01
2.951694128486547442e+01
2.871354315254125567e+01
2.916947418384337709e+01
3.012523348947589241e+01
2.984651908445894009e+01
2.978613420550742674e+01
2.953460050432869721e+01
2.913167833478263091e+01
2.953864997692322447e+01
2.795107402158587107e+01
2.738960152529598702e+01
2.729548203543330942e+01
2.776318933722678040e+01
2.734021319700091013e+01
2.677084702052427190e+01
2.722447191731313509e+01
2.783276172166459972e+01
2.746038966232471168e+01
2.791296748900681379e+01
2.773504075039638650e+01
2.704819308505969033e+01
2.762574656625811897e+01
2.791347983713900049e+01
2.669602447681212709e+01
2.650201698903287451e+01
2.706295399183637684e+01
2.669128902306717421e+01
2.789074670598748185e+01
2.777133150850788823e+01
2.825308917613511639e+01
2.904915496740448333e+01
2.838237158100256607e+01
2.764765162950151378e+01
2.816440890880113201e+01
2.849159819356511036e+01
2.830299298147137321e+01
2.917725496613577363e+01
2.919435893283801065e+01
2.898321391759293775e+01
2.835688042372800055e+01
2.871093074927169297e+01
2.840181290701534067e+01
2.913637199830473179e+01
2.913880911837802756e+01
2.991076445847414789e+01
2.885759098610181539e+01
2.877178995796803562e+01
2.752397022890241018e+01
2.722208933883838355e+01
2.754972370019119765e+01
2.801113259390498911e+01
2.775072500678930254e+01
2.738792408718152060e+01
2.751345576597063669e+01
2.785244337360510514e+01
2.805343906531173204e+01
2.777538305989811818e+01
2.782723611124445995e+01
2.801740989256440884e+01
2.850640701979733649e+01
2.824855647997909713e+01
2.840255730875422557e+01
2.859029789185256121e+01
2.887586990099274686e+01
2.879452572511823050e+01
2.943177030327614929e+01
2.840524568450585008e+01
2.722527512539638650e+01
2.708188091235214401e+01
2.730602236544148198e+01
2.880915980392627418e+01
2.865129031492083200e+01
2.807459861241029841e+01
2.854677635364318178e+01
2.991292259130585052e+01
3.043804357292946960e+01
2.965297197491934966e+01
2.917166847057556822e+01
2.977966439322139536e+01
3.035294076298060162e+01
2.790670210591862599e+01
2.928149771958254632e+01
2.839189203669515749e+01
2.821977681792184356e+01
2.841346554273969716e+01
2.820215122351485704e+01
2.918005028199613804e+01
2.917722524150034147e+01
2.924357052063674089e+01
2.768994545668698493e+01
2.878702345858798850e+01
2.657580652129784227e+01
2.757151093643702922e+01
2.761127621940012844e+01
3.033284905251492347e+01
2.832094241795914868e+01
2.795247009363067292e+01
2.860550970441839524e+01
2.808773047200749318e+01
2.945503237006369446e+01
2.882263342182287857e+01
2.815295570887876409e+01
2.685449568073401139e+01
2.844432395763611510e+01
2.957651843381731638e+01
2.955688249395134903e+01
2.815399169921875000e+01
2.818893233309970725e+01
2.733042821991309523e+01
2.701750013801488848e+01
2.703044321295920227e+01
2.678005242079831305e+01
2.794072350491298806e+01
2.854431298073757972e+01
2.932052224405695995e+01
2.957157306456833723e+01
2.941932598928387321e+01
2.864628380336118596e+01
2.853190801384743835e+01
2.823639753963170307e+01
2.802701197849230752e+01
2.881832144233617754e+01
2.903184224246593104e+01
2.806404394514105149e+01
2.679737356807408588e+01
2.763468573066625567e+01
2.864575173881616621e+01
2.775652002484610748e+01
2.900006362829315520e+01
2.911851113565852245e+01
2.917757400769865939e+01
2.881758724169784713e+01
2.878350266445888650e+01
2.958176276389132653e+01
3.022935121514824175e+01
2.988053443994414948e+01
2.933861441022894212e+01
2.950560713350103015e+01
2.991241354352972337e+01
2.930856931879279159e+01
2.815302636650171308e+01
2.769079765576994845e+01
2.778848969534541880e+01
2.731074796098002011e+01
2.855185605167003260e+01
2.884509888123930210e+01
2.841162795163272392e+01
2.766347662250647232e+01
2.816609695520293855e+01
2.853476738661862555e+01
2.764882818500647232e+01
2.837690143370896223e+01
2.823714389158098825e+01
2.867514730303475190e+01
2.887019127406431096e+01
2.965326343493515182e+01
2.990319020560618313e+01
3.083825182111075591e+01
2.895303998368509824e+01
2.845681968431794218e+01
2.887483819682946518e+01
2.902428807033581748e+01
2.892168940854876169e+01
3.053785450538892476e+01
2.904598227511630881e+01
2.881987440987919058e+01
2.703395264872004589e+01
2.825420186760720398e+01
2.838086582569593830e+01
2.852526647589179731e+01
2.942421409521210052e+01
3.031220978297544377e+01
3.011449151628472976e+01
2.844786121068375806e+01
2.800498135170240133e+01
2.854412192441104423e+01
2.754199718089585858e+01
2.827377814389346611e+01
2.980882158172264695e+01
2.975815305816993117e+01
2.894707709751772029e+01
2.914965895320592182e+01
2.870091931203777946e+01
2.740675313285227688e+01
2.930920825915390182e+01
2.962537236160106957e+01
2.970863104402349109e+01
2.896524054280827443e+01
2.983055999841582917e+01
2.860645180605770577e+01
2.858173593242516830e+01
2.855599754847837346e+01
2.852920926554819303e+01
2.904698322596174975e+01
2.930237212877594999e+01
2.888323933890696438e+01
2.971965230448862272e+01
2.829574372795190840e+01
2.805343842238522711e+01
2.832803541890690724e+01
2.791216706693842298e+01
2.823609341396374717e+01
2.685546047767896383e+01
2.702455257030015545e+01
2.663154132714432265e+01
2.590482448192124920e+01
2.709224430898602165e+01
2.633484677518351802e+01
2.669603315631994889e+01
2.695989398741989973e+01
2.842584927162427633e+01
2.756075777632466739e+01
2.819632819529329737e+01
2.861107161875521143e+01
2.865626579456115053e+01
2.956155993429462470e+01
2.842913003985801268e+01
2.809405346131056902e+01
2.758492844828059276e+01
2.969932440425572651e+01
2.954242935609281773e+01
2.936614675200387481e+01
2.897100735782237635e+01
2.888626070772663823e+01
2.906665351953399323e+01
2.931958721460921069e+01
2.791981124877929688e+01
2.806793405768576477e+01
2.893995615069785643e+01
2.862329461601343183e+01
2.754998348536116382e+01
2.709231777405470964e+01
2.808653246418813509e+01
2.894011784671397791e+01
2.892584110645765705e+01
2.797982740937993640e+01
2.802938242708698979e+01
2.754277310746439511e+01
2.771049628097019735e+01
2.746897425276509708e+01
2.776043658310107887e+01
2.760670634066120854e+01
2.768199965659152184e+01
2.827282288369168128e+01
2.871652716733096611e+01
2.856033905972255837e+01
2.900734346368339800e+01
2.772553581066345885e+01
2.754362436358848143e+01
2.842092931940314315e+01
2.876376818539051428e+01
2.724680120489570356e+01
2.806509515140833599e+01
2.738299759854091775e+01
2.736178878184114893e+01
2.725858936952741018e+01
2.685306013300177597e+01
2.796215522423219113e+01
2.872558156559976439e+01
2.884614250097381927e+01
2.788490447569429165e+01
2.759694579478060206e+01
2.833293511894311933e+01
2.792171810450178882e+01
2.760904481437768965e+01
2.787906147388929767e+01
2.782560241356324582e+01
2.782860633764374114e+01
2.829531941788919980e+01
2.881772806403342102e+01
2.978898618462380554e+01
3.114736295550057221e+01
2.978052855073735827e+01
2.891998631766673000e+01
2.993396986200568222e+01
2.911068479130777220e+01
2.894134962960575308e+01
2.832739317818973745e+01
2.910989435603109499e+01
2.998410509945301428e+01
