    35.13     0.94
    35.13     0.94
    35.14     0.94
    35.14     0.94
    35.14     0.94
    35.14     0.94
    35.14     0.94
    35.14     0.94
    35.14     0.94
    35.15     0.94
    35.15     0.94
    35.15     0.94
    35.15     0.94
    35.15     0.94
    35.15     0.94
    35.15     0.94
    35.16     0.94
    35.16     0.94
    35.16     0.94
    35.16     0.94
    35.16     0.94
    35.16     0.94
    35.17     0.94
    35.17     0.94
    35.17     0.94
    35.17     0.94
    35.17     0.94
    35.17     0.94
    35.17     0.94
    35.18     0.94
    35.18     0.94
    35.18     0.94
    35.18     0.94
    35.18     0.94
    35.18     0.94
    35.18     0.94
    35.19     0.94
    35.19     0.94
    35.19     0.94
    35.19     0.94
    35.19     0.94
    35.19     0.94
    35.19     0.94
    35.20     0.94
    35.20     0.94
    35.20     0.94
    35.20     0.94
    35.20     0.94
    35.20     0.94
    35.21     0.94
    35.21     0.94
    35.21     0.94
    35.21     0.94
    35.21     0.94
    35.21     0.94
    35.21     0.94
    35.22     0.94
    35.22     0.94
    35.22     0.94
    35.22     0.94
    35.22     0.94
    35.22     0.94
    35.22     0.94
    35.23     0.94
    35.23     0.94
    35.23     0.94
    35.23     0.94
    35.23     0.94
    35.23     0.94
    35.24     0.94
    35.24     0.94
    35.24     0.94
    35.24     0.94
    35.24     0.94
    35.24     0.94
    35.24     0.94
    35.25     0.94
    35.25     0.94
    35.25     0.94
    35.25     0.94
    35.25     0.94
    35.25     0.94
    35.25     0.94
    35.26     0.94
    35.26     0.94
    35.26     0.94
    35.26     0.94
    35.26     0.94
    35.26     0.94
    35.26     0.94
    35.27     0.94
    35.27     0.94
    35.27     0.94
    35.27     0.94
    35.27     0.94
    35.27     0.94
    35.28     0.94
    35.28     0.94
    35.28     0.94
    35.28     0.94
    35.28     0.94
    35.28     0.94
    35.28     0.94
    35.29     0.94
    35.29     0.94
    35.29     0.94
    35.29     0.94
    35.29     0.94
    35.29     0.94
    35.29     0.94
    35.30     0.94
    35.30     0.94
    35.30     0.94
    35.30     0.94
    35.30     0.94
    35.30     0.94
    35.30     0.94
    35.31     0.94
    35.31     0.94
    35.31     0.94
    35.31     0.94
    35.31     0.94
    35.31     0.94
    35.32     0.94
    35.32     0.94
    35.32     0.94
    35.32     0.94
    35.32     0.94
    35.32     0.94
    35.32     0.94
    35.33     0.94
    35.33     0.94
    35.33     0.94
    35.33     0.94
    35.33     0.94
    35.33     0.94
    35.33     0.94
    35.34     0.94
    35.34     0.94
    35.34     0.94
    35.34     0.94
    35.34     0.94
    35.34     0.94
    35.34     0.94
    35.35     0.94
    35.35     0.94
    35.35     0.94
    35.35     0.94
    35.35     0.94
    35.35     0.94
    35.36     0.94
    35.36     0.94
    35.36     0.94
    35.36     0.94
    35.36     0.94
    35.36     0.94
    35.36     0.94
    35.37     0.94
    35.37     0.94
    35.37     0.94
    35.37     0.94
    35.37     0.94
    35.37     0.94
    35.37     0.94
    35.38     0.94
    35.38     0.94
    35.38     0.94
    35.38     0.94
    35.38     0.94
    35.38     0.94
    35.38     0.94
    35.39     0.94
    35.39     0.94
    35.39     0.94
    35.39     0.94
    35.39     0.94
    35.39     0.94
    35.40     0.94
    35.40     0.94
    35.40     0.94
    35.40     0.94
    35.40     0.94
    35.40     0.94
    35.40     0.94
    35.41     0.94
    35.41     0.94
    35.41     0.94
    35.41     0.94
    35.41     0.94
    35.41     0.94
    35.41     0.94
    35.42     0.94
    35.42     0.94
    35.42     0.94
    35.42     0.94
    35.42     0.94
    35.42     0.94
    35.43     0.94
    35.43     0.94
    35.43     0.94
    35.43     0.94
    35.43     0.94
    35.43     0.94
    35.43     0.94
    35.44     0.94
    35.44     0.94
    35.44     0.94
    35.44     0.94
    35.44     0.94
    35.44     0.94
    35.44     0.94
    35.45     0.94
    35.45     0.94
    35.45     0.94
    35.45     0.94
    35.45     0.94
    35.45     0.94
    35.45     0.94
    35.46     0.94
    35.46     0.94
    35.46     0.94
    35.46     0.94
    35.46     0.94
    35.46     0.94
    35.47     0.94
    35.47     0.94
    35.47     0.94
    35.47     0.94
    35.47     0.94
    35.47     0.94
    35.47     0.94
    35.48     0.94
    35.48     0.94
    35.48     0.94
    35.48     0.94
    35.48     0.94
    35.48     0.94
    35.48     0.94
    35.49     0.94
    35.49     0.94
    35.49     0.94
    35.49     0.94
    35.49     0.94
    35.49     0.94
    35.49     0.94
    35.50     0.94
    35.50     0.94
    35.50     0.94
    35.50     0.94
    35.50     0.94
    35.50     0.94
    35.51     0.94
    35.51     0.94
    35.51     0.94
    35.51     0.94
    35.51     0.94
    35.51     0.94
    35.51     0.94
    35.52     0.94
    35.52     0.94
    35.52     0.94
    35.52     0.94
    35.52     0.94
    35.52     0.94
    35.52     0.94
    35.53     0.94
    35.53     0.94
    35.53     0.94
    35.53     0.94
    35.53     0.94
    35.53     0.94
    35.53     0.94
    35.54     0.94
    35.54     0.94
    35.54     0.94
    35.54     0.94
    35.54     0.94
    35.54     0.94
    35.55     0.94
    35.55     0.94
    35.55     0.94
    35.55     0.94
    35.55     0.94
    35.55     0.94
    35.55     0.94
    35.56     0.94
    35.56     0.94
    35.56     0.94
    35.56     0.94
    35.56     0.94
    35.56     0.94
    35.56     0.94
    35.57     0.94
    35.57     0.94
    35.57     0.94
    35.57     0.94
    35.57     0.94
    35.57     0.94
    35.58     0.94
    35.58     0.94
    35.58     0.94
    35.58     0.94
    35.58     0.94
    35.58     0.94
    35.58     0.94
    35.59     0.94
    35.59     0.94
    35.59     0.94
    35.59     0.94
    35.59     0.94
    35.59     0.94
    35.59     0.94
    35.60     0.94
    35.60     0.94
    35.60     0.94
    35.60     0.94
    35.60     0.94
    35.60     0.94
    35.60     0.94
    35.61     0.94
    35.61     0.94
    35.61     0.94
    35.61     0.94
    35.61     0.94
    35.61     0.94
    35.62     0.94
    35.62     0.94
    35.62     0.94
    35.62     0.94
    35.62     0.94
    35.62     0.94
    35.62     0.94
    35.63     0.94
    35.63     0.94
    35.63     0.94
    35.63     0.94
    35.63     0.94
    35.63     0.94
    35.63     0.94
    35.64     0.94
    35.64     0.94
    35.64     0.94
    35.64     0.94
    35.64     0.94
    35.64     0.94
    35.64     0.94
    35.65     0.94
    35.65     0.94
    35.65     0.94
    35.65     0.94
    35.65     0.94
    35.65     0.94
    35.66     0.94
    35.66     0.94
    35.66     0.94
    35.66     0.94
    35.66     0.94
    35.66     0.94
    35.66     0.94
    35.67     0.94
    35.67     0.94
    35.67     0.94
    35.67     0.94
    35.67     0.94
    35.67     0.94
    35.67     0.94
    35.68     0.94
    35.68     0.94
    35.68     0.94
    35.68     0.94
    35.68     0.94
    35.68     0.94
    35.68     0.94
    35.69     0.94
    35.69     0.94
    35.69     0.94
    35.69     0.94
    35.69     0.94
    35.69     0.94
    35.70     0.94
    35.70     0.94
    35.70     0.94
    35.70     0.96
    35.70     0.96
    35.70     0.96
    35.70     0.96
    35.71     0.96
    35.71     0.96
    35.71     0.96
    35.71     0.96
    35.71     0.96
    35.71     0.96
    35.71     0.96
    35.72     0.96
    35.72     0.96
    35.72     0.96
    35.72     0.96
    35.72     0.96
    35.72     0.96
    35.72     0.96
    35.73     0.96
    35.73     0.96
    35.73     0.96
    35.73     0.96
    35.73     0.96
    35.73     0.96
    35.74     0.96
    35.74     0.96
    35.74     0.96
    35.74     0.96
    35.74     0.96
    35.74     0.96
    35.74     0.96
    35.75     0.96
    35.75     0.96
    35.75     0.96
    35.75     0.96
    35.75     0.96
    35.75     0.96
    35.75     0.96
    35.76     0.96
    35.76     0.96
    35.76     0.96
    35.76     0.96
    35.76     0.96
    35.76     0.96
    35.77     0.96
    35.77     0.96
    35.77     0.96
    35.77     0.96
    35.77     0.96
    35.77     0.96
    35.77     0.96
    35.78     0.96
    35.78     0.96
    35.78     0.96
    35.78     0.96
    35.78     0.96
    35.78     0.96
    35.78     0.96
    35.79     0.96
    35.79     0.96
    35.79     0.96
    35.79     0.96
    35.79     0.96
    35.79     0.96
    35.79     0.96
    35.80     0.96
    35.80     0.96
    35.80     0.96
    35.80     0.96
    35.80     0.96
    35.80     0.96
    35.81     0.96
    35.81     0.96
    35.81     0.96
    35.81     0.96
    35.81     0.96
    35.81     0.96
    35.81     0.96
    35.82     0.96
    35.82     0.96
    35.82     0.96
    35.82     0.96
    35.82     0.96
    35.82     0.96
    35.82     0.96
    35.83     0.96
    35.83     0.96
    35.83     0.96
    35.83     0.96
    35.83     0.96
    35.83     0.96
    35.83     0.96
    35.84     0.96
    35.84     0.96
    35.84     0.96
    35.84     0.96
    35.84     0.96
    35.84     0.96
    35.85     0.96
    35.85     0.96
    35.85     0.96
    35.85     0.96
    35.85     0.96
    35.85     0.96
    35.85     0.96
    35.86     0.96
    35.86     0.96
    35.86     0.96
    35.86     0.96
    35.86     0.96
    35.86     0.96
    35.86     0.96
    35.87     0.96
    35.87     0.96
    35.87     0.96
    35.87     0.96
    35.87     0.96
    35.87     0.96
    35.87     0.96
    35.88     0.96
    35.88     0.96
    35.88     0.96
    35.88     0.96
    35.88     0.96
    35.88     0.96
    35.89     0.96
    35.89     0.96
    35.89     0.96
    35.89     0.96
    35.89     0.96
    35.89     0.96
    35.89     0.96
    35.90     0.96
    35.90     0.96
    35.90     0.96
    35.90     0.96
    35.90     0.96
    35.90     0.96
    35.90     0.96
    35.91     0.96
    35.91     0.96
    35.91     0.96
    35.91     0.96
    35.91     0.96
    35.91     0.96
    35.91     0.96
    35.92     0.96
    35.92     0.96
    35.92     0.96
    35.92     0.96
    35.92     0.96
    35.92     0.96
    35.93     0.96
    35.93     0.96
    35.93     0.96
    35.93     0.96
    35.93     0.96
    35.93     0.96
    35.93     0.96
    35.94     0.96
    35.94     0.96
    35.94     0.96
    35.94     0.96
    35.94     0.96
    35.94     0.96
    35.94     0.96
    35.95     0.96
    35.95     0.96
    35.95     0.96
    35.95     0.96
    35.95     0.96
    35.95     0.96
    35.96     0.96
    35.96     0.96
    35.96     0.96
    35.96     0.96
    35.96     0.96
    35.96     0.96
    35.96     0.96
    35.97     0.96
    35.97     0.96
    35.97     0.96
    35.97     0.96
    35.97     0.96
    35.97     0.96
    35.97     0.96
    35.98     0.96
    35.98     0.96
    35.98     0.96
    35.98     0.96
    35.98     0.96
    35.98     0.96
    35.98     0.96
    35.99     0.96
    35.99     0.96
    35.99     0.96
    35.99     0.96
    35.99     0.96
    35.99     0.96
    36.00     0.96
    36.00     0.96
    36.00     0.96
    36.00     0.96
    36.00     0.96
    36.00     0.96
    36.00     0.96
    36.01     0.96
    36.01     0.96
    36.01     0.96
    36.01     0.96
    36.01     0.96
    36.01     0.96
    36.01     0.96
    36.02     0.96
    36.02     0.96
    36.02     0.96
    36.02     0.96
    36.02     0.96
    36.02     0.96
    36.02     0.96
    36.03     0.96
    36.03     0.96
    36.03     0.96
    36.03     0.96
    36.03     0.96
    36.03     0.96
    36.04     0.96
    36.04     0.96
    36.04     0.96
    36.04     0.96
    36.04     0.96
    36.04     0.96
    36.04     0.96
    36.05     0.96
    36.05     0.96
    36.05     0.96
    36.05     0.96
    36.05     0.96
    36.05     0.96
    36.05     0.96
    36.06     0.96
    36.06     0.96
    36.06     0.96
    36.06     0.96
    36.06     0.96
    36.06     0.96
    36.06     0.96
    36.07     0.96
    36.07     0.96
    36.07     0.96
    36.07     0.96
    36.07     0.96
    36.07     0.96
    36.08     0.96
    36.08     0.96
    36.08     0.96
    36.08     0.96
    36.08     0.96
    36.08     0.96
    36.08     0.96
    36.09     0.96
    36.09     0.96
    36.09     0.96
    36.09     0.96
    36.09     0.96
    36.09     0.96
    36.09     0.96
    36.10     0.96
    36.10     0.96
    36.10     0.96
    36.10     0.96
    36.10     0.96
    36.10     0.96
    36.11     0.96
    36.11     0.96
    36.11     0.96
    36.11     0.96
    36.11     0.96
    36.11     0.96
    36.11     0.96
    36.12     0.96
    36.12     0.96
    36.12     0.96
    36.12     0.96
    36.12     0.96
    36.12     0.96
    36.12     0.96
    36.13     0.96
    36.13     0.96
    36.13     0.96
    36.13     0.96
    36.13     0.96
    36.13     0.96
    36.13     0.96
    36.14     0.96
    36.14     0.96
    36.14     0.96
    36.14     0.96
    36.14     0.96
    36.14     0.96
    36.15     0.96
    36.15     0.96
    36.15     0.96
    36.15     0.96
    36.15     0.96
    36.15     0.96
    36.15     0.96
    36.16     0.96
    36.16     0.96
    36.16     0.96
    36.16     0.96
    36.16     0.96
    36.16     0.96
    36.16     0.96
    36.17     0.96
    36.17     0.96
    36.17     0.96
    36.17     0.96
    36.17     0.96
    36.17     0.96
    36.17     0.96
    36.18     0.96
    36.18     0.96
    36.18     0.96
    36.18     0.96
    36.18     0.96
    36.18     0.96
    36.19     0.96
    36.19     0.96
    36.19     0.96
    36.19     0.96
    36.19     0.96
    36.19     0.96
    36.19     0.96
    36.20     0.96
    36.20     0.96
    36.20     0.96
    36.20     0.96
    36.20     0.96
    36.20     0.96
    36.20     0.96
    36.21     0.96
    36.21     0.96
    36.21     0.96
    36.21     0.96
    36.21     0.96
    36.21     0.96
    36.21     0.96
    36.22     0.96
    36.22     0.96
    36.22     0.96
    36.22     0.96
    36.22     0.96
    36.22     0.96
    36.23     0.96
    36.23     0.96
    36.23     0.96
    36.23     0.96
    36.23     0.96
    36.23     0.96
    36.23     0.96
    36.24     0.96
    36.24     0.96
    36.24     0.96
    36.24     0.96
    36.24     0.96
    36.24     0.96
    36.24     0.96
    36.25     0.96
    36.25     0.96
    36.25     0.96
    36.25     0.96
    36.25     0.96
    36.25     0.96
    36.25     0.96
    36.26     0.96
    36.26     0.96
    36.26     0.96
    36.26     0.96
    36.26     0.96
    36.26     0.96
    36.27     0.96
    36.27     0.96
    36.27     0.96
    36.27     0.96
    36.27     0.96
    36.27     0.96
    36.27     0.96
    36.28     0.96
    36.28     0.96
    36.28     0.96
    36.28     0.96
    36.28     0.96
    36.28     0.96
    36.28     0.96
    36.29     0.96
    36.29     0.96
    36.29     0.96
    36.29     0.96
    36.29     0.96
    36.29     0.96
    36.30     0.96
    36.30     0.96
    36.30     0.96
    36.30     0.96
    36.30     0.96
    36.30     0.96
    36.30     0.96
    36.31     0.96
    36.31     0.96
    36.31     0.96
    36.31     0.96
    36.31     0.96
    36.31     0.96
    36.31     0.96
    36.32     0.96
    36.32     0.96
    36.32     0.96
    36.32     0.96
    36.32     0.96
    36.32     0.96
    36.32     0.96
    36.33     0.96
    36.33     0.96
    36.33     0.96
    36.33     0.96
    36.33     0.96
    36.33     0.96
    36.34     0.96
    36.34     0.96
    36.34     0.96
    36.34     0.96
    36.34     0.96
    36.34     0.96
    36.34     0.96
    36.35     0.96
    36.35     0.96
    36.35     0.96
    36.35     0.96
    36.35     0.96
    36.35     0.96
    36.35     0.96
    36.36     0.96
    36.36     0.96
    36.36     0.96
    36.36     0.96
    36.36     0.96
    36.36     0.96
    36.36     0.96
    36.37     0.96
    36.37     0.96
    36.37     0.96
    36.37     0.96
    36.37     0.96
    36.37     0.96
    36.38     0.96
    36.38     0.96
    36.38     0.96
    36.38     0.96
    36.38     0.96
    36.38     0.96
    36.38     0.96
    36.39     0.96
    36.39     0.96
    36.39     0.96
    36.39     0.96
    36.39     0.96
    36.39     0.96
    36.39     0.96
    36.40     0.96
    36.40     0.96
    36.40     0.96
    36.40     0.96
    36.40     0.96
    36.40     0.96
    36.40     0.96
    36.41     0.96
    36.41     0.96
    36.41     0.96
    36.41     0.96
    36.41     0.96
    36.41     0.96
    36.42     0.96
    36.42     0.96
    36.42     0.96
    36.42     0.96
    36.42     0.96
    36.42     0.96
    36.42     0.96
    36.43     0.96
    36.43     0.96
    36.43     0.96
    36.43     0.96
    36.43     0.96
    36.43     0.96
    36.43     0.96
    36.44     0.96
    36.44     0.96
    36.44     0.96
    36.44     0.96
    36.44     0.96
    36.44     0.96
    36.44     0.96
    36.45     0.96
    36.45     0.96
    36.45     0.96
    36.45     0.96
    36.45     0.96
    36.45     0.96
    36.46     0.96
    36.46     0.96
    36.46     0.96
    36.46     0.96
    36.46     0.96
    36.46     0.96
    36.46     0.96
    36.47     0.96
    36.47     0.96
    36.47     0.96
    36.47     0.96
    36.47     0.96
    36.47     0.96
    36.47     0.96
    36.48     0.96
    36.48     0.96
    36.48     0.96
    36.48     0.96
    36.48     0.96
    36.48     0.96
    36.49     0.96
    36.49     0.96
    36.49     0.96
    36.49     0.96
    36.49     0.96
    36.49     0.96
    36.49     0.96
    36.50     0.96
    36.50     0.96
    36.50     0.96
    36.50     0.96
    36.50     0.96
    36.50     0.96
    36.50     0.96
    36.51     0.96
    36.51     0.96
    36.51     0.96
    36.51     0.96
    36.51     0.96
    36.51     0.96
    36.51     0.96
    36.52     0.96
    36.52     0.96
    36.52     0.96
    36.52     0.96
    36.52     0.96
    36.52     0.96
    36.53     0.96
    36.53     0.96
    36.53     0.96
    36.53     0.96
    36.53     0.96
    36.53     0.96
    36.53     0.96
    36.54     0.96
    36.54     0.96
    36.54     0.96
    36.54     0.96
    36.54     0.96
    36.54     0.96
    36.54     0.96
    36.55     0.96
    36.55     0.96
    36.55     0.96
    36.55     0.96
    36.55     0.96
    36.55     0.96
    36.55     0.96
    36.56     0.96
    36.56     0.96
    36.56     0.96
    36.56     0.96
    36.56     0.96
    36.56     0.96
    36.57     0.96
    36.57     0.96
    36.57     0.96
    36.57     0.96
    36.57     0.96
    36.57     0.96
    36.57     0.96
    36.58     0.96
    36.58     0.96
    36.58     0.96
    36.58     0.96
    36.58     0.96
    36.58     0.96
    36.58     0.96
    36.59     0.96
    36.59     0.96
    36.59     0.96
    36.59     0.96
    36.59     0.96
    36.59     0.96
    36.59     0.96
    36.60     0.96
    36.60     0.96
    36.60     0.96
    36.60     0.96
    36.60     0.96
    36.60     0.96
    36.61     0.96
    36.61     0.96
    36.61     0.96
    36.61     0.96
    36.61     0.96
    36.61     0.96
    36.61     0.96
    36.62     0.96
    36.62     0.96
    36.62     0.96
    36.62     0.96
    36.62     0.96
    36.62     0.96
    36.62     0.96
    36.63     0.96
    36.63     0.96
    36.63     0.96
    36.63     0.96
    36.63     0.96
    36.63     0.96
    36.64     0.96
    36.64     0.96
    36.64     0.96
    36.64     0.96
    36.64     0.96
    36.64     0.96
    36.64     0.96
    36.65     0.96
    36.65     0.96
    36.65     0.96
    36.65     0.96
    36.65     0.96
    36.65     0.96
    36.65     0.96
    36.66     0.96
    36.66     0.96
    36.66     0.96
    36.66     0.96
    36.66     0.96
    36.66     0.96
    36.66     0.96
    36.67     0.96
    36.67     0.96
    36.67     0.96
    36.67     0.96
    36.67     0.96
    36.67     0.96
    36.68     0.96
    36.68     0.96
    36.68     0.96
    36.68     0.96
    36.68     0.96
    36.68     0.96
    36.68     0.96
    36.69     0.96
    36.69     0.96
    36.69     0.96
    36.69     0.96
    36.69     0.96
    36.69     0.96
    36.69     0.96
    36.70     0.96
    36.70     0.96
    36.70     0.96
    36.70     0.96
    36.70     0.96
    36.70     0.96
    36.70     0.96
    36.71     0.96
    36.71     0.96
    36.71     0.96
    36.71     0.96
    36.71     0.96
    36.71     0.96
    36.72     0.96
    36.72     0.96
    36.72     0.96
    36.72     0.96
    36.72     0.96
    36.72     0.96
    36.72     0.96
    36.73     0.96
    36.73     0.96
    36.73     0.96
    36.73     0.96
    36.73     0.96
    36.73     0.96
    36.73     0.96
    36.74     0.96
    36.74     0.96
    36.74     0.96
    36.74     0.96
    36.74     0.96
    36.74     0.96
    36.74     0.96
    36.75     0.96
    36.75     0.96
    36.75     0.96
    36.75     0.96
    36.75     0.96
    36.75     0.96
    36.76     0.96
    36.76     0.96
    36.76     0.96
    36.76     0.96
    36.76     0.96
    36.76     0.96
    36.76     0.96
    36.77     0.96
    36.77     0.96
    36.77     0.96
    36.77     0.96
    36.77     0.96
    36.77     0.96
    36.77     0.96
    36.78     0.96
    36.78     0.96
    36.78     0.96
    36.78     0.96
    36.78     0.96
    36.78     0.96
    36.78     0.96
    36.79     0.96
    36.79     0.96
    36.79     0.96
    36.79     0.96
    36.79     0.96
    36.79     0.96
    36.80     0.96
    36.80     0.96
    36.80     0.96
    36.80     0.96
    36.80     0.96
    36.80     0.96
    36.80     0.96
    36.81     0.96
    36.81     0.96
    36.81     0.96
    36.81     0.96
    36.81     0.96
    36.81     0.96
    36.81     0.96
    36.82     0.96
    36.82     0.96
    36.82     0.96
    36.82     0.96
    36.82     0.96
    36.82     0.96
    36.83     0.96
    36.83     0.96
    36.83     0.96
    36.83     0.96
    36.83     0.96
    36.83     0.96
    36.83     0.96
    36.84     0.96
    36.84     0.96
    36.84     0.96
    36.84     0.96
    36.84     0.96
    36.84     0.96
    36.84     0.96
    36.85     0.96
    36.85     0.96
    36.85     0.96
    36.85     0.96
    36.85     0.96
    36.85     0.96
    36.85     0.96
    36.86     0.96
    36.86     0.96
    36.86     0.96
    36.86     0.96
    36.86     0.96
    36.86     0.96
    36.87     0.96
    36.87     0.96
    36.87     0.96
    36.87     0.96
    36.87     0.96
    36.87     0.96
    36.87     0.96
    36.88     0.96
    36.88     0.96
    36.88     0.96
    36.88     0.96
    36.88     0.96
    36.88     0.96
    36.88     0.96
    36.89     0.96
    36.89     0.96
    36.89     0.96
    36.89     0.96
    36.89     0.96
    36.89     0.96
    36.89     0.96
    36.90     0.96
    36.90     0.96
    36.90     0.96
    36.90     0.96
    36.90     0.96
    36.90     0.96
    36.91     0.96
    36.91     0.96
    36.91     0.96
    36.91     0.96
    36.91     0.96
    36.91     0.96
    36.91     0.96
    36.92     0.96
    36.92     0.96
    36.92     0.96
    36.92     0.96
    36.92     0.96
    36.92     0.96
    36.92     0.98
    36.93     0.98
    36.93     0.98
    36.93     0.98
    36.93     0.98
    36.93     0.98
    36.93     0.98
    36.93     0.98
    36.94     0.98
    36.94     0.98
    36.94     0.98
    36.94     0.98
    36.94     0.98
    36.94     0.98
    36.95     0.98
    36.95     0.98
    36.95     0.98
    36.95     0.98
    36.95     0.98
    36.95     0.98
    36.95     0.98
    36.96     0.98
    36.96     0.98
    36.96     0.98
    36.96     0.98
    36.96     0.98
    36.96     0.98
    36.96     0.98
    36.97     0.98
    36.97     0.98
    36.97     0.98
    36.97     0.98
    36.97     0.98
    36.97     0.98
    36.97     0.98
    36.98     0.98
    36.98     0.98
    36.98     0.98
    36.98     0.98
    36.98     0.98
    36.98     0.98
    36.99     0.98
    36.99     0.98
    36.99     0.98
    36.99     0.98
    36.99     0.98
    36.99     0.98
    36.99     0.98
    37.00     0.98
    37.00     0.98
    37.00     0.98
    37.00     0.98
    37.00     0.98
    37.00     0.98
    37.00     0.98
    37.01     0.98
    37.01     0.98
    37.01     0.98
    37.01     0.98
    37.01     0.98
    37.01     0.98
    37.02     0.98
    37.02     0.98
    37.02     0.98
    37.02     0.98
    37.02     0.98
    37.02     0.98
    37.02     0.98
    37.03     0.98
    37.03     0.98
    37.03     0.98
    37.03     0.98
    37.03     0.98
    37.03     0.98
    37.03     0.98
    37.04     0.98
    37.04     0.98
    37.04     0.98
    37.04     0.98
    37.04     0.98
    37.04     0.98
    37.04     0.98
    37.05     0.98
    37.05     0.98
    37.05     0.98
    37.05     0.98
    37.05     0.98
    37.05     0.98
    37.06     0.98
    37.06     0.98
    37.06     0.98
    37.06     0.98
    37.06     0.98
    37.06     0.98
    37.06     0.98
    37.07     0.98
    37.07     0.98
    37.07     0.98
    37.07     0.98
    37.07     0.98
    37.07     0.98
    37.07     0.98
    37.08     0.98
    37.08     0.98
    37.08     0.98
    37.08     0.98
    37.08     0.98
    37.08     0.98
    37.08     0.98
    37.09     0.98
    37.09     0.98
    37.09     0.98
    37.09     0.98
    37.09     0.98
    37.09     0.98
    37.10     0.98
    37.10     0.98
    37.10     0.98
    37.10     0.98
    37.10     0.98
    37.10     0.98
    37.10     0.98
    37.11     0.98
    37.11     0.98
    37.11     0.98
    37.11     0.98
    37.11     0.98
    37.11     0.98
    37.11     0.98
    37.12     0.98
    37.12     0.98
    37.12     0.98
    37.12     0.98
    37.12     0.98
    37.12     0.98
    37.12     0.98
    37.13     0.98
    37.13     0.98
    37.13     0.98
    37.13     0.98
    37.13     0.98
    37.13     0.98
    37.14     0.98
    37.14     0.98
    37.14     0.98
    37.14     0.98
    37.14     0.98
    37.14     0.98
    37.14     0.98
    37.15     0.98
    37.15     0.98
    37.15     0.98
    37.15     0.98
    37.15     0.98
    37.15     0.98
    37.15     0.98
    37.16     0.98
    37.16     0.98
    37.16     0.98
    37.16     0.98
    37.16     0.98
    37.16     0.98
    37.17     0.98
    37.17     0.98
    37.17     0.98
    37.17     0.98
    37.17     0.98
    37.17     0.98
    37.17     0.98
    37.18     0.98
    37.18     0.98
    37.18     0.98
    37.18     0.98
    37.18     0.98
    37.18     0.98
    37.18     0.98
    37.19     0.98
    37.19     0.98
    37.19     0.98
    37.19     0.98
    37.19     0.98
    37.19     0.98
    37.19     0.98
    37.20     0.98
    37.20     0.98
    37.20     0.98
    37.20     0.98
    37.20     0.98
    37.20     0.98
    37.21     0.98
    37.21     0.98
    37.21     0.98
    37.21     0.98
    37.21     0.98
    37.21     0.98
    37.21     0.98
    37.22     0.98
    37.22     0.98
    37.22     0.98
    37.22     0.98
    37.22     0.98
    37.22     0.98
    37.22     0.98
    37.23     0.98
    37.23     0.98
    37.23     0.98
    37.23     0.98
    37.23     0.98
    37.23     0.98
    37.23     0.98
    37.24     0.98
    37.24     0.98
    37.24     0.98
    37.24     0.98
    37.24     0.98
    37.24     0.98
    37.25     0.98
    37.25     0.98
    37.25     0.98
    37.25     0.98
    37.25     0.98
    37.25     0.98
    37.25     0.98
    37.26     0.98
    37.26     0.98
    37.26     0.98
    37.26     0.98
    37.26     0.98
    37.26     0.98
    37.26     0.98
    37.27     0.98
    37.27     0.98
    37.27     0.98
