Computed Discharge (Q)
Time Q_0 Q_1 Q_2 Q_3 Q_4 Q_5 Q_6 Q_7 Q_8 Q_9 Q_10 Q_11 Q_12 Q_13 Q_14 Q_15 Q_16 Q_17 Q_18 Q_19 Q_20 
   0 315.0 315.0 315.0 315.0 315.0 315.0 315.0 315.0 315.0 315.0 315.0 315.0 315.0 315.0 315.0 315.0 315.0 315.0 315.0 315.0 315.0 
   1 318.9 305.3 295.8 289.2 284.6 281.4 279.1 277.5 276.4 275.7 275.1 274.6 274.2 273.7 273.0 272.1 270.5 267.8 263.2 255.4 242.0 
   2 322.9 321.3 315.4 307.7 300.0 292.8 286.5 281.3 276.9 273.1 269.9 266.9 263.9 260.4 256.1 250.6 243.2 233.8 222.5 210.9 203.9 
   3 326.8 321.3 318.8 316.3 312.8 308.0 302.3 296.0 289.3 282.3 275.1 267.5 259.3 250.3 240.6 230.1 219.7 210.2 202.7 196.8 186.9 
   4 330.7 327.5 322.2 317.2 313.0 309.0 304.5 299.1 292.6 284.9 275.9 266.0 255.5 244.9 234.7 225.5 217.4 209.4 199.8 187.6 178.2 
   5 334.7 329.7 325.6 320.4 314.1 307.3 300.4 293.3 286.0 278.5 270.9 263.2 255.6 248.1 240.2 231.5 221.3 209.9 199.1 191.5 182.5 
   6 338.6 332.7 326.1 319.9 313.6 306.8 299.6 292.2 284.8 277.7 270.8 264.0 256.8 248.8 239.9 230.7 222.1 214.8 207.8 197.6 188.1 
   7 342.5 336.0 329.5 322.4 315.4 308.7 302.3 295.8 289.1 281.8 273.8 265.3 256.5 248.0 240.4 233.5 226.3 217.6 207.6 199.4 190.8 
   8 346.5 340.3 333.9 327.8 321.3 314.3 307.0 299.4 291.5 283.5 275.6 268.0 260.6 253.1 245.0 235.6 225.5 216.1 208.3 198.7 189.1 
   9 350.4 344.6 338.4 331.7 324.8 317.7 310.3 302.7 295.1 287.6 280.0 272.1 263.6 254.2 244.7 235.7 227.4 218.8 208.4 199.2 190.3 
  10 354.4 347.7 341.1 334.3 327.4 320.3 313.3 306.2 298.8 290.8 282.1 273.0 263.9 255.4 247.3 238.8 229.3 219.6 211.4 202.4 192.9 
  11 358.3 351.7 344.9 337.9 331.0 323.8 316.1 308.0 299.6 291.2 283.1 275.3 267.5 259.1 249.9 240.4 231.8 223.6 213.9 204.6 195.6 
  12 362.2 355.6 348.7 341.5 333.8 325.9 318.0 310.2 302.5 294.8 286.8 278.3 269.4 260.4 252.0 243.8 234.9 225.1 216.3 207.3 197.8 
  13 366.2 359.0 351.6 344.1 336.8 329.4 322.0 314.3 306.3 297.8 289.1 280.4 272.0 263.7 254.9 245.4 236.2 227.9 218.6 209.3 200.3 
  14 370.1 363.0 355.9 348.6 341.1 333.4 325.3 317.0 308.5 300.3 292.1 283.9 275.1 265.9 256.8 248.2 239.5 229.9 220.7 211.7 202.3 
  15 374.0 367.1 359.8 352.2 344.3 336.2 328.1 320.1 312.1 303.8 295.1 286.1 277.3 268.7 260.2 251.0 241.5 232.7 223.5 214.2 205.0 
  16 378.0 370.3 362.7 355.0 347.3 339.7 331.8 323.6 315.0 306.3 297.7 289.3 280.7 271.7 262.4 253.4 244.8 235.4 226.3 217.2 207.9 
  17 381.9 374.5 366.9 359.2 351.2 343.0 334.6 326.2 317.9 309.6 301.2 292.3 283.2 274.4 265.8 256.8 247.4 238.4 229.3 220.0 210.8 
  18 385.8 378.4 370.6 362.6 354.5 346.4 338.3 330.0 321.5 312.7 303.9 295.2 286.6 277.8 268.6 259.4 250.6 241.4 232.1 223.0 213.7 
  19 389.8 381.9 374.0 366.2 358.3 350.2 341.8 333.2 324.6 316.1 307.5 298.8 289.7 280.5 271.7 262.8 253.4 244.3 235.2 226.0 216.8 
  20 393.7 386.1 378.3 370.2 361.9 353.4 345.0 336.6 328.2 319.6 310.6 301.7 292.9 284.1 275.0 265.7 256.8 247.6 238.3 229.1 219.9 
  21 397.6 389.7 381.7 373.6 365.4 357.2 348.8 340.2 331.4 322.6 314.0 305.3 296.3 287.1 278.1 269.2 260.0 250.8 241.7 232.4 223.2 
  22 398.4 391.2 383.8 376.2 368.3 360.2 351.9 343.7 335.5 327.3 319.0 310.6 302.6 295.1 287.9 281.2 275.6 271.2 268.3 267.8 270.3 
  23 394.5 388.7 382.5 376.1 369.6 363.0 356.6 350.4 344.3 338.6 333.8 329.9 327.2 325.7 325.9 328.4 332.9 339.9 349.3 360.9 373.9 
  24 390.6 386.2 382.1 378.5 375.2 372.5 370.3 368.9 368.7 369.7 372.1 375.7 380.9 387.7 395.7 404.6 414.2 423.8 432.7 440.5 446.9 
  25 386.6 387.6 388.8 390.3 392.3 395.2 399.0 403.8 409.4 415.6 422.4 429.7 437.2 444.3 450.9 457.2 462.8 468.3 474.3 481.9 492.2 
  26 382.7 389.6 396.8 404.2 411.7 419.1 426.4 433.3 440.0 446.3 452.2 457.6 462.5 467.3 472.5 478.2 485.0 493.2 502.6 512.3 520.6 
  27 378.8 388.0 397.1 405.9 414.3 422.2 429.6 436.5 443.0 449.2 455.2 461.5 468.4 475.9 484.0 492.8 501.6 510.0 517.7 525.1 534.4 
  28 374.8 381.9 388.9 396.0 403.1 410.3 417.8 425.5 433.6 442.1 451.2 460.4 469.7 478.7 487.3 495.3 502.9 510.8 519.7 529.7 538.8 
  29 370.9 376.6 382.6 389.1 396.1 403.5 411.4 419.8 428.4 437.2 445.7 454.0 462.2 470.3 478.4 487.2 496.7 506.6 516.0 524.4 533.5 
  30 366.9 374.1 381.2 388.4 395.6 402.8 410.0 417.1 423.9 430.8 437.9 445.4 453.3 461.8 470.8 479.8 488.4 496.5 504.8 514.4 523.8 
  31 363.0 370.2 377.3 384.3 391.2 398.0 404.6 411.3 418.2 425.5 433.1 440.8 448.6 456.2 463.5 470.7 478.4 487.0 496.2 504.7 513.6 
  32 359.1 365.0 371.2 377.5 384.0 390.9 398.1 405.5 413.0 420.3 427.5 434.5 441.5 448.5 456.1 464.2 472.6 480.7 488.5 497.3 506.6 
  33 355.1 361.1 367.2 373.5 380.0 386.5 393.1 399.6 406.1 412.8 419.7 426.8 434.5 442.5 450.4 458.1 465.7 473.8 482.8 491.6 500.6 
  34 351.2 357.4 363.6 369.7 375.8 381.7 387.8 394.0 400.6 407.4 414.5 421.8 429.0 436.1 443.4 451.1 459.5 468.1 476.2 484.9 494.2 
  35 347.3 352.9 358.5 364.4 370.4 376.7 383.2 389.9 396.5 403.2 409.7 416.3 423.1 430.3 438.0 445.8 453.4 461.0 469.6 478.4 487.3 
  36 343.3 348.9 354.6 360.5 366.6 372.7 378.8 384.9 391.1 397.5 404.1 411.1 418.3 425.4 432.4 439.5 447.2 455.5 463.6 472.1 481.2 
  37 339.4 345.2 351.0 356.6 362.3 368.0 373.8 379.9 386.2 392.7 399.3 405.9 412.4 419.2 426.4 434.1 441.8 449.4 457.6 466.3 475.3 
  38 335.5 340.7 346.1 351.7 357.4 363.3 369.4 375.5 381.6 387.7 393.8 400.2 407.0 414.1 421.2 428.2 435.6 443.6 451.8 460.3 469.3 
  39 331.5 336.8 342.2 347.7 353.3 358.9 364.6 370.3 376.2 382.4 388.8 395.4 402.0 408.5 415.2 422.5 430.2 437.7 445.6 454.2 463.1 
  40 327.6 332.9 338.2 343.5 348.8 354.2 359.8 365.6 371.6 377.7 383.7 389.8 396.1 402.9 409.9 416.9 424.0 431.7 439.7 448.1 457.0 
  41 323.7 328.6 333.7 338.9 344.3 349.9 355.5 361.1 366.7 372.4 378.3 384.6 391.0 397.5 404.0 410.8 418.2 425.7 433.5 441.9 450.8 
  42 319.7 324.7 329.8 334.9 340.1 345.3 350.6 356.0 361.6 367.5 373.5 379.4 385.4 391.7 398.4 405.3 412.2 419.5 427.4 435.6 444.5 
  43 315.8 320.7 325.6 330.5 335.5 340.7 346.0 351.4 356.9 362.4 368.0 373.9 380.0 386.4 392.7 399.2 406.2 413.6 421.1 429.3 438.2 
  44 320.3 322.5 325.6 329.3 333.4 337.9 342.6 347.4 352.4 357.6 363.2 368.8 374.4 380.0 385.9 391.8 397.3 402.2 405.9 406.6 401.4 
  45 326.9 329.1 331.2 333.4 336.0 338.9 342.2 345.9 350.1 354.3 358.6 362.9 367.2 371.4 375.0 377.4 378.7 378.1 375.1 370.5 368.7 
  46 333.5 334.7 336.3 338.2 340.1 342.2 344.5 346.8 349.0 351.3 353.5 355.6 357.2 357.9 357.8 357.1 355.5 353.6 352.8 353.3 350.1 
  47 340.1 340.5 341.1 341.9 342.9 344.0 344.9 345.7 346.4 346.9 347.0 346.5 345.7 344.9 344.1 343.4 343.3 343.4 342.2 337.6 334.1 
  48 346.7 346.1 345.7 345.2 344.7 344.2 343.7 343.2 342.6 341.7 340.9 340.2 339.7 339.4 338.9 338.2 336.5 333.0 329.0 327.4 324.7 
  49 353.3 351.5 349.7 348.2 346.7 345.3 343.9 342.5 341.3 340.4 339.6 338.8 337.7 336.2 334.0 331.1 328.0 326.2 325.1 321.4 317.5 
  50 359.9 357.4 355.0 352.8 350.7 348.7 346.9 345.3 343.8 342.0 340.0 337.6 335.0 332.4 329.9 328.1 326.8 324.2 319.8 316.9 314.1 
  51 366.5 363.8 361.3 358.8 356.3 353.9 351.5 348.8 346.0 343.2 340.4 337.8 335.4 333.3 331.3 328.4 324.5 320.8 318.9 315.7 311.8 
  52 373.1 370.1 367.2 364.4 361.4 358.4 355.2 352.1 349.2 346.5 344.0 341.3 338.5 335.3 331.5 327.9 325.4 323.1 319.0 315.4 312.3 
  53 379.7 376.3 372.9 369.5 366.2 363.0 360.0 357.2 354.3 351.2 347.9 344.3 340.7 337.3 334.5 332.0 328.4 324.0 321.1 318.0 314.3 
  54 386.2 382.7 379.1 375.7 372.4 369.2 365.8 362.3 358.6 355.0 351.5 348.3 345.3 342.4 338.8 334.6 331.0 328.5 324.9 321.1 317.8 
  55 392.8 389.3 385.8 382.3 378.6 374.8 371.0 367.4 363.9 360.5 357.2 353.9 350.2 346.1 342.4 339.6 336.6 332.3 328.8 325.7 322.1 
  56 399.4 395.7 391.9 388.0 384.3 380.7 377.2 373.7 370.2 366.5 362.6 358.7 355.0 351.9 348.7 344.8 340.5 337.6 334.2 330.4 327.0 
  57 406.0 402.1 398.3 394.6 391.0 387.3 383.5 379.6 375.8 371.9 368.3 365.0 361.6 357.7 353.5 350.0 347.0 343.1 339.3 336.0 332.5 
  58 412.6 409.0 405.2 401.4 397.4 393.4 389.6 385.8 382.2 378.6 374.9 371.0 366.9 363.2 360.1 356.6 352.3 348.9 345.6 341.9 338.4 
  59 419.2 415.3 411.4 407.5 403.7 400.0 396.3 392.6 388.7 384.7 380.7 377.0 373.7 370.2 366.1 362.1 359.0 355.3 351.5 348.2 344.6 
  60 425.8 421.9 418.1 414.3 410.5 406.6 402.7 398.7 394.9 391.2 387.7 384.0 380.0 375.9 372.5 369.2 365.2 361.5 358.1 354.5 351.0 
  61 432.4 428.7 424.8 420.9 416.9 413.0 409.2 405.5 401.8 398.0 394.0 390.0 386.4 383.1 379.3 375.2 371.8 368.3 364.5 361.1 357.6 
  62 439.0 435.0 431.1 427.3 423.6 419.8 416.1 412.2 408.2 404.3 400.6 397.1 393.4 389.3 385.5 382.2 378.5 374.7 371.3 367.7 364.2 
  63 445.6 441.8 438.0 434.2 430.3 426.4 422.4 418.6 414.9 411.3 407.5 403.5 399.6 396.2 392.7 388.6 385.0 381.6 377.9 374.4 370.9 
  64 452.2 448.4 444.5 440.7 436.8 433.0 429.3 425.6 421.7 417.7 413.8 410.3 406.8 402.9 398.9 395.6 392.0 388.2 384.7 381.1 377.6 
  65 458.8 454.9 451.1 447.3 443.6 439.8 435.9 432.0 428.2 424.5 421.0 417.1 413.1 409.5 406.1 402.2 398.5 395.1 391.4 387.9 384.4 
  66 465.4 461.7 457.9 454.1 450.2 446.3 442.5 438.8 435.2 431.3 427.4 423.6 420.2 416.5 412.5 409.0 405.5 401.8 398.2 394.7 391.2 
  67 472.0 468.2 464.3 460.5 456.8 453.1 449.4 445.5 441.6 437.8 434.3 430.7 426.8 422.9 419.5 415.9 412.1 408.6 405.0 401.5 398.0 
  68 478.6 474.8 471.1 467.3 463.5 459.7 455.8 452.1 448.5 444.9 441.0 437.1 433.5 430.0 426.2 422.5 419.0 415.4 411.8 408.3 404.8 
  69 485.2 481.5 477.7 473.9 470.1 466.3 462.7 459.0 455.2 451.3 447.6 444.1 440.4 436.5 433.0 429.4 425.7 422.2 418.6 415.1 411.6 
  70 491.8 488.0 484.2 480.5 476.9 473.1 469.3 465.5 461.8 458.2 454.5 450.7 447.0 443.5 439.8 436.1 432.6 429.0 425.4 421.9 418.4 
  71 498.4 494.7 491.0 487.2 483.4 479.6 475.9 472.4 468.7 464.8 461.1 457.5 453.9 450.1 446.5 443.0 439.3 435.8 432.2 428.7 425.2 
  72 505.0 501.3 497.5 493.8 490.1 486.5 482.8 478.9 475.2 471.6 468.0 464.2 460.5 457.0 453.4 449.7 446.1 442.6 439.0 435.5 432.0 
  73 511.6 507.9 504.2 500.5 496.8 493.0 489.3 485.7 482.1 478.3 474.5 470.9 467.4 463.7 460.0 456.5 452.9 449.3 445.8 442.3 438.8 
  74 518.2 514.5 510.8 507.1 503.4 499.7 496.1 492.4 488.6 484.9 481.4 477.8 474.0 470.4 466.9 463.2 459.7 456.1 452.6 449.1 445.6 
  75 524.8 521.1 517.4 513.7 510.1 506.4 502.7 499.0 495.4 491.8 488.0 484.4 480.9 477.2 473.5 470.0 466.4 462.9 459.3 455.8 452.3 
  76 531.4 527.8 524.1 520.4 516.7 513.0 509.4 505.8 502.1 498.3 494.8 491.2 487.5 483.9 480.4 476.7 473.2 469.6 466.1 462.6 459.1 
  77 538.0 534.3 530.6 527.0 523.4 519.8 516.1 512.3 508.7 505.2 501.5 497.8 494.3 490.7 487.0 483.5 479.9 476.4 472.9 469.4 465.9 
  78 544.6 540.9 537.3 533.7 530.0 526.3 522.7 519.1 515.5 511.8 508.2 504.7 501.0 497.4 493.8 490.2 486.7 483.1 479.6 476.1 472.6 
  79 551.2 547.6 543.9 540.2 536.6 533.1 529.4 525.7 522.1 518.6 514.9 511.2 507.7 504.2 500.5 497.0 493.4 489.9 486.4 482.9 479.4 
  80 557.8 554.1 550.5 546.9 543.3 539.6 536.0 532.4 528.9 525.2 521.5 518.0 514.4 510.8 507.3 503.7 500.2 496.6 493.1 489.6 486.1 
  81 564.4 560.8 557.2 553.5 549.9 546.3 542.8 539.1 535.4 531.9 528.4 524.7 521.1 517.6 514.0 510.4 506.9 503.4 499.9 496.4 492.9 
  82 571.0 567.3 563.7 560.2 556.6 553.0 549.3 545.7 542.2 538.6 534.9 531.4 527.9 524.3 520.7 517.2 513.6 510.1 506.6 503.1 499.6 
  83 577.6 574.0 570.4 566.8 563.2 559.6 556.1 552.5 548.8 545.2 541.7 538.1 534.5 531.0 527.4 523.9 520.4 516.8 513.3 509.8 506.3 
  84 584.2 580.6 577.0 573.4 569.9 566.3 562.7 559.0 555.5 552.0 548.3 544.8 541.3 537.7 534.1 530.6 527.1 523.6 520.1 516.6 513.1 
  85 590.8 587.2 583.6 580.1 576.5 572.9 569.3 565.8 562.2 558.6 555.1 551.5 547.9 544.4 540.9 537.3 533.8 530.3 526.8 523.3 519.8 
  86 597.4 593.8 590.2 586.6 583.1 579.6 576.0 572.4 568.8 565.3 561.7 558.2 554.7 551.1 547.6 544.0 540.5 537.0 533.5 530.0 526.5 
  87 591.8 591.1 589.8 588.0 585.7 583.1 580.3 577.5 574.4 571.2 568.1 565.0 561.9 559.0 556.4 554.1 552.5 551.7 552.4 555.2 561.1 
  88 578.1 578.8 579.4 579.6 579.5 579.2 578.5 577.5 576.3 575.2 574.0 573.1 572.6 572.7 573.6 575.6 579.0 583.9 590.2 597.6 604.5 
  89 564.5 566.0 567.3 568.6 570.0 571.4 572.9 574.6 576.4 578.5 581.0 584.0 587.5 591.7 596.4 601.6 607.1 612.4 617.4 622.1 628.3 
  90 550.8 554.1 557.4 560.5 563.7 567.1 570.7 574.5 578.7 583.3 588.1 593.1 598.2 603.1 607.8 612.3 616.5 621.0 626.4 633.3 640.3 
  91 537.2 542.4 547.7 553.0 558.4 563.6 568.8 574.0 579.0 583.8 588.5 593.0 597.3 601.6 606.2 611.3 617.2 623.7 630.5 636.6 643.1 
  92 523.5 530.0 536.5 542.7 548.7 554.6 560.2 565.6 570.8 575.9 580.9 586.1 591.5 597.3 603.4 609.6 615.6 621.3 626.8 633.3 640.3 
  93 509.9 516.2 522.5 528.7 534.8 540.8 546.7 552.7 558.9 565.1 571.5 578.0 584.5 590.6 596.5 602.1 607.8 614.0 620.9 627.6 634.3 
  94 496.2 502.4 508.7 515.0 521.3 527.8 534.4 541.1 547.7 554.3 560.6 566.8 572.8 578.8 585.1 591.8 598.8 605.6 611.8 618.4 625.4 
  95 482.5 489.4 496.3 503.0 509.7 516.4 522.8 529.2 535.4 541.6 547.8 554.1 560.7 567.5 574.4 581.0 587.2 593.4 600.4 607.3 614.1 
  96 468.9 476.0 483.0 489.9 496.6 503.1 509.6 516.1 522.7 529.3 536.1 542.8 549.4 555.7 561.8 568.1 574.7 581.7 588.3 594.8 601.8 
  97 455.2 462.1 468.9 475.7 482.5 489.5 496.4 503.4 510.3 517.0 523.5 529.9 536.2 542.6 549.4 556.2 562.8 569.0 575.6 582.5 589.4 
  98 441.6 448.6 455.7 462.7 469.7 476.6 483.4 490.1 496.7 503.2 509.8 516.6 523.4 530.3 536.8 543.1 549.6 556.5 563.3 569.9 576.8 
  99 427.9 435.2 442.4 449.4 456.3 463.1 469.9 476.6 483.4 490.3 497.1 503.9 510.4 516.8 523.3 530.2 537.1 543.6 550.2 557.1 563.9 
 100 414.3 421.4 428.4 435.4 442.5 449.6 456.7 463.7 470.6 477.3 483.9 490.4 497.1 503.9 510.8 517.3 523.7 530.4 537.2 544.0 550.8 
 101 400.6 407.9 415.1 422.3 429.4 436.5 443.4 450.2 456.9 463.7 470.6 477.5 484.3 490.9 497.3 504.0 510.8 517.5 524.1 530.9 537.8 
 102 386.9 394.4 401.7 408.9 416.0 422.9 429.9 436.9 443.9 450.8 457.6 464.2 470.8 477.5 484.4 491.2 497.6 504.3 511.1 517.9 524.7 
 103 373.3 380.6 387.9 395.1 402.4 409.6 416.8 423.8 430.7 437.4 444.1 451.0 457.9 464.7 471.2 477.7 484.5 491.3 498.0 504.7 511.6 
 104 359.6 367.1 374.5 381.9 389.1 396.2 403.2 410.2 417.2 424.2 431.2 438.1 444.7 451.3 458.0 464.9 471.5 478.1 484.9 491.7 498.5 
 105 346.0 353.6 361.0 368.4 375.6 382.8 389.9 397.1 404.2 411.1 417.9 424.6 431.5 438.4 445.1 451.7 458.4 465.2 471.8 478.6 485.5 
 106 332.3 339.9 347.3 354.8 362.2 369.6 376.8 383.9 390.8 397.8 404.7 411.7 418.6 425.2 431.8 438.7 445.4 452.1 458.8 465.6 472.5 
 107 318.7 326.4 334.0 341.5 348.9 356.1 363.3 370.5 377.7 384.8 391.7 398.5 405.3 412.2 419.0 425.7 432.3 439.1 445.8 452.6 459.4 
 108 305.0 312.8 320.4 328.0 335.4 342.8 350.2 357.4 364.5 371.5 378.5 385.4 392.4 399.2 405.9 412.7 419.4 426.1 432.8 439.6 446.5 
 109 291.3 299.1 306.9 314.6 322.1 329.6 336.9 344.1 351.3 358.5 365.6 372.5 379.3 386.1 393.0 399.8 406.4 413.2 419.9 426.7 433.6 
 110 277.7 285.7 293.5 301.2 308.8 316.2 323.6 331.0 338.3 345.4 352.4 359.4 366.4 373.3 380.0 386.8 393.6 400.3 407.0 413.8 420.7 
 111 264.0 272.0 279.9 287.7 295.4 303.1 310.6 317.9 325.1 332.3 339.5 346.6 353.5 360.3 367.2 374.0 380.7 387.4 394.2 401.0 407.8 
 112 250.4 258.5 266.5 274.4 282.2 289.8 297.3 304.7 312.1 319.4 326.6 333.5 340.5 347.6 354.4 361.1 367.9 374.7 381.4 388.2 395.0 
 113 236.7 245.0 253.1 261.0 268.9 276.6 284.2 291.8 299.1 306.4 313.6 320.8 327.8 334.7 341.6 348.4 355.2 361.9 368.7 375.4 382.3 
 114 223.1 231.4 239.6 247.7 255.7 263.5 271.2 278.7 286.1 293.5 300.8 307.9 314.9 322.0 328.9 335.7 342.5 349.3 356.0 362.8 369.6 
 115 209.4 217.9 226.2 234.4 242.4 250.3 258.1 265.7 273.3 280.7 287.9 295.2 302.3 309.3 316.2 323.1 329.9 336.6 343.4 350.2 357.0 
 116 195.7 204.4 212.8 221.1 229.2 237.2 245.1 252.8 260.4 267.8 275.3 282.5 289.6 296.7 303.7 310.5 317.3 324.1 330.9 337.6 344.5 
 117 182.1 190.8 199.4 207.8 216.1 224.2 232.1 239.9 247.6 255.2 262.5 269.8 277.1 284.1 291.1 298.0 304.9 311.6 318.4 325.2 332.0 
 118 168.4 177.4 186.1 194.6 202.9 211.1 219.2 227.1 234.8 242.4 249.9 257.3 264.5 271.6 278.7 285.6 292.5 299.2 306.0 312.8 319.6 
 119 154.8 163.8 172.7 181.4 189.9 198.2 206.3 214.3 222.1 229.9 237.4 244.8 252.1 259.3 266.3 273.3 280.1 286.9 293.7 300.5 307.3 
 120 141.1 150.4 159.4 168.2 176.8 185.2 193.5 201.6 209.6 217.3 224.9 232.4 239.7 246.9 254.0 261.0 267.9 274.7 281.5 288.3 295.1 
 121 127.5 136.9 146.1 155.1 163.8 172.4 180.8 189.0 197.0 204.9 212.6 220.1 227.5 234.7 241.9 248.9 255.8 262.6 269.4 276.2 283.0 
 122 113.8 123.4 132.8 142.0 150.9 159.6 168.1 176.4 184.6 192.5 200.2 207.9 215.3 222.6 229.8 236.8 243.8 250.6 257.4 264.2 271.0 
 123 100.1 110.0 119.6 128.9 138.0 146.9 155.5 164.0 172.2 180.2 188.1 195.7 203.2 210.6 217.8 224.9 231.9 238.7 245.5 252.3 259.1 
 124 86.5 96.6 106.4 115.9 125.2 134.2 143.0 151.5 159.9 168.1 176.0 183.7 191.3 198.7 206.0 213.1 220.1 227.0 233.7 240.5 247.4 
 125 72.8 83.2 93.3 103.0 112.5 121.6 130.6 139.3 147.7 156.0 164.0 171.9 179.5 187.0 194.3 201.4 208.4 215.3 222.1 228.9 235.7 
 126 59.2 69.8 80.1 90.1 99.8 109.2 118.3 127.1 135.7 144.1 152.2 160.1 167.8 175.4 182.7 189.9 196.9 203.8 210.6 217.4 224.2 
 127 45.5 56.5 67.1 77.3 87.2 96.8 106.1 115.1 123.8 132.2 140.5 148.5 156.3 163.9 171.3 178.5 185.6 192.5 199.3 206.0 212.9 
 128 31.9 43.2 54.1 64.6 74.7 84.5 94.0 103.1 112.0 120.6 129.0 137.0 144.9 152.6 160.0 167.3 174.4 181.3 188.1 194.9 201.7 
 129 18.2 29.8 41.0 51.9 62.3 72.3 82.0 91.3 100.4 109.1 117.6 125.8 133.7 141.5 149.0 156.3 163.4 170.3 177.1 183.9 190.7 
 130 12.8 21.4 31.0 41.0 51.0 60.9 70.5 79.9 89.0 97.9 106.4 114.7 122.7 130.5 138.1 145.4 152.4 159.2 165.5 170.8 172.7 
 131 19.9 24.6 30.2 37.0 44.7 52.9 61.5 70.2 78.9 87.5 95.9 104.1 112.1 119.8 127.1 134.1 140.6 146.2 150.2 151.1 147.6 
 132 26.9 31.9 36.4 40.9 45.8 51.4 57.8 64.7 71.9 79.4 87.0 94.6 102.0 109.1 115.7 121.7 126.6 129.8 131.0 130.2 128.7 
 133 34.0 37.0 41.1 45.4 49.8 54.1 58.7 63.7 69.1 74.9 80.8 87.0 93.0 98.7 103.8 108.0 111.2 113.2 114.5 115.0 112.3 
 134 41.1 43.1 45.4 48.3 52.0 55.9 60.0 64.2 68.4 72.6 76.9 81.2 85.4 89.3 92.7 95.7 98.2 100.2 100.7 98.7 95.9 
 135 48.1 48.9 50.4 52.2 54.4 57.1 60.2 63.6 67.0 70.3 73.6 76.6 79.4 82.0 84.4 86.4 87.5 87.3 85.8 84.3 81.5 
 136 55.2 54.9 55.1 56.1 57.5 59.1 60.9 63.0 65.3 67.7 70.1 72.4 74.4 76.1 77.2 77.4 76.7 75.6 74.4 71.7 68.3 
 137 62.2 61.0 60.3 60.1 60.4 61.1 62.1 63.3 64.5 65.9 67.2 68.5 69.4 69.7 69.5 68.8 67.9 66.4 63.6 60.8 57.7 
 138 69.3 67.2 65.5 64.5 63.9 63.6 63.6 63.9 64.4 64.7 64.9 64.8 64.3 63.7 62.9 61.7 59.8 57.1 54.8 51.8 48.3 
 139 76.4 73.5 71.1 69.2 67.8 66.7 65.7 65.0 64.3 63.5 62.7 61.7 60.6 59.2 57.3 54.9 52.4 50.1 46.9 43.7 40.4 
 140 83.4 79.9 76.9 74.3 71.9 69.9 68.1 66.4 64.7 63.0 61.4 59.6 57.5 55.0 52.4 49.8 47.0 43.6 40.4 37.0 33.5 
 141 90.5 86.5 82.8 79.4 76.4 73.5 70.8 68.3 65.8 63.4 60.7 57.9 55.0 52.1 49.1 45.8 42.2 39.0 35.5 31.9 28.5 
 142 97.5 93.0 88.8 84.8 81.1 77.5 74.1 70.8 67.5 64.1 60.7 57.3 54.0 50.4 46.6 43.0 39.5 35.8 32.2 28.7 25.2 
 143 104.6 99.7 95.0 90.5 86.1 81.9 77.8 73.7 69.7 65.8 61.9 57.9 53.9 49.8 46.0 42.2 38.2 34.6 30.9 27.3 23.8 
 144 111.7 106.4 101.3 96.3 91.4 86.6 81.9 77.3 72.8 68.4 63.9 59.5 55.2 51.2 47.0 42.8 39.0 35.2 31.4 27.8 24.2 
 145 118.7 113.2 107.7 102.3 97.0 91.8 86.7 81.7 76.7 71.8 67.1 62.6 58.1 53.7 49.4 45.4 41.3 37.5 33.7 30.1 26.6 
 146 125.8 120.0 114.3 108.6 103.0 97.5 92.0 86.7 81.5 76.5 71.6 66.7 62.1 57.7 53.4 49.1 45.2 41.3 37.5 33.9 30.4 
 147 132.8 126.9 121.0 115.1 109.3 103.6 97.9 92.5 87.1 81.9 76.8 71.9 67.3 62.8 58.4 54.3 50.2 46.3 42.6 38.9 35.4 
 148 139.9 133.9 127.9 121.9 116.0 110.1 104.4 98.8 93.3 88.0 82.9 78.0 73.2 68.7 64.4 60.1 56.1 52.2 48.4 44.8 41.2 
 149 147.0 140.9 134.9 128.9 122.9 117.0 111.2 105.5 100.0 94.7 89.5 84.5 79.8 75.2 70.7 66.6 62.5 58.6 54.8 51.1 47.6 
 150 154.0 148.0 142.0 136.0 130.0 124.1 118.3 112.6 107.1 101.7 96.5 91.6 86.7 82.0 77.7 73.4 69.3 65.3 61.5 57.9 54.3 
 151 161.1 155.1 149.1 143.1 137.2 131.4 125.6 119.9 114.3 109.0 103.8 98.7 93.9 89.3 84.7 80.5 76.3 72.4 68.6 64.9 61.4 
 152 168.1 162.2 156.3 150.4 144.5 138.6 132.9 127.3 121.8 116.4 111.1 106.1 101.3 96.5 92.1 87.7 83.6 79.6 75.8 72.1 68.5 
 153 175.2 169.4 163.5 157.6 151.8 146.0 140.3 134.7 129.2 123.8 118.6 113.6 108.7 104.0 99.5 95.1 91.0 87.0 83.1 79.4 75.9 
 154 182.3 176.5 170.7 164.9 159.1 153.4 147.7 142.1 136.7 131.4 126.1 121.1 116.3 111.5 107.0 102.7 98.5 94.5 90.6 86.9 83.4 
 155 189.3 183.6 177.9 172.2 166.4 160.8 155.2 149.7 144.2 138.9 133.8 128.7 123.8 119.2 114.6 110.3 106.1 102.0 98.2 94.5 90.9 
 156 196.4 190.7 185.1 179.4 173.8 168.2 162.6 157.1 151.8 146.5 141.3 136.3 131.5 126.8 122.3 117.9 113.7 109.7 105.8 102.1 98.6 
 157 203.4 197.9 192.3 186.7 181.1 175.5 170.1 164.7 159.3 154.1 149.0 144.0 139.2 134.5 130.0 125.6 121.4 117.4 113.5 109.8 106.3 
 158 210.5 205.0 199.5 193.9 188.4 183.0 177.5 172.2 166.9 161.7 156.6 151.7 146.9 142.2 137.7 133.3 129.2 125.1 121.3 117.5 114.0 
 159 217.6 212.1 206.7 201.2 195.8 190.3 185.0 179.7 174.5 169.3 164.3 159.4 154.6 149.9 145.4 141.1 136.9 132.9 129.0 125.3 121.8 
 160 224.6 219.2 213.9 208.5 203.1 197.7 192.4 187.2 182.0 176.9 171.9 167.0 162.3 157.7 153.2 148.9 144.7 140.7 136.8 133.1 129.6 
 161 231.7 226.4 221.0 215.7 210.4 205.1 199.9 194.7 189.6 184.5 179.6 174.8 170.0 165.4 161.0 156.7 152.5 148.5 144.6 140.9 137.4 
 162 238.8 233.5 228.2 223.0 217.7 212.5 207.3 202.2 197.1 192.1 187.2 182.4 177.8 173.2 168.7 164.5 160.3 156.3 152.4 148.7 145.2 
 163 245.8 240.6 235.4 230.2 225.0 219.9 214.8 209.7 204.7 199.7 194.9 190.1 185.5 180.9 176.5 172.2 168.1 164.1 160.3 156.6 153.0 
 164 252.9 247.7 242.6 237.5 232.4 227.2 222.2 217.2 212.2 207.3 202.5 197.8 193.2 188.7 184.3 180.0 175.9 171.9 168.1 164.4 160.8 
 165 259.9 254.9 249.8 244.7 239.6 234.6 229.6 224.6 219.7 214.9 210.1 205.5 200.9 196.4 192.0 187.8 183.7 179.7 175.9 172.2 168.6 
 166 267.0 262.0 257.0 251.9 246.9 242.0 237.0 232.1 227.3 222.5 217.7 213.1 208.6 204.1 199.8 195.6 191.5 187.5 183.7 180.0 176.5 
 167 274.1 269.1 264.1 259.2 254.2 249.3 244.4 239.6 234.8 230.0 225.3 220.7 216.2 211.8 207.5 203.3 199.2 195.3 191.5 187.8 184.3 
 168 281.1 276.2 271.3 266.4 261.5 256.6 251.8 247.0 242.3 237.5 232.9 228.4 223.9 219.5 215.2 211.1 207.0 203.1 199.3 195.6 192.0 
 169 288.2 283.3 278.5 273.6 268.8 264.0 259.2 254.4 249.7 245.1 240.5 236.0 231.5 227.2 222.9 218.8 214.7 210.8 207.0 203.3 199.8 
 170 295.2 290.4 285.6 280.8 276.1 271.3 266.5 261.8 257.2 252.6 248.0 243.6 239.1 234.8 230.6 226.5 222.5 218.5 214.8 211.1 207.6 
 171 302.3 297.5 292.8 288.0 283.3 278.6 273.9 269.3 264.6 260.1 255.6 251.1 246.8 242.5 238.3 234.2 230.2 226.3 222.5 218.8 215.3 
 172 309.4 304.7 299.9 295.2 290.6 285.9 281.3 276.6 272.1 267.6 263.1 258.7 254.3 250.1 245.9 241.8 237.8 234.0 230.2 226.5 223.0 
