5.110000000000000142e+01
5.622999999999999687e+01
5.221999999999999886e+01
4.771999999999999886e+01
4.131000000000000227e+01
3.975999999999999801e+01
5.053000000000000114e+01
5.278000000000000114e+01
9.659999999999999432e+01
6.501999999999999602e+01
6.092000000000000171e+01
4.695000000000000284e+01
4.500000000000000000e+01
4.388000000000000256e+01
5.146999999999999886e+01
4.828000000000000114e+01
5.672999999999999687e+01
6.007999999999999829e+01
5.982999999999999829e+01
6.120000000000000284e+01
4.771999999999999886e+01
4.885000000000000142e+01
7.095999999999999375e+01
6.271000000000000085e+01
6.389999999999999858e+01
8.059999999999999432e+01
5.795000000000000284e+01
6.006000000000000227e+01
6.340999999999999659e+01
7.045000000000000284e+01
5.110000000000000142e+01
5.622999999999999687e+01
4.885000000000000142e+01
4.131000000000000227e+01
3.239999999999999858e+01
3.239999999999999858e+01
3.821999999999999886e+01
3.527000000000000313e+01
3.821999999999999886e+01
4.131000000000000227e+01
4.603000000000000114e+01
3.527000000000000313e+01
6.446999999999999886e+01
4.182000000000000028e+01
6.379999999999999716e+01
6.086999999999999744e+01
5.639000000000000057e+01
6.750000000000000000e+01
5.775999999999999801e+01
5.017999999999999972e+01
4.364000000000000057e+01
5.025999999999999801e+01
6.152000000000000313e+01
5.618999999999999773e+01
3.753999999999999915e+01
4.715999999999999659e+01
4.182000000000000028e+01
4.131000000000000227e+01
4.557000000000000028e+01
3.196000000000000085e+01
3.314000000000000057e+01
7.479999999999999716e+01
6.493999999999999773e+01
6.467000000000000171e+01
5.738000000000000256e+01
4.668999999999999773e+01
2.976000000000000156e+01
4.167000000000000171e+01
2.710999999999999943e+01
2.844000000000000128e+01
3.019999999999999929e+01
2.932000000000000028e+01
2.800000000000000000e+01
3.614999999999999858e+01
5.128999999999999915e+01
5.699000000000000199e+01
9.043000000000000682e+01
8.640000000000000568e+01
9.043000000000000682e+01
7.243999999999999773e+01
7.743000000000000682e+01
8.900000000000000000e+01
8.834999999999999432e+01
8.315000000000000568e+01
8.379999999999999716e+01
7.937999999999999545e+01
6.687999999999999545e+01
7.881000000000000227e+01
8.059999999999999432e+01
1.010000000000000000e+02
7.929999999999999716e+01
7.873000000000000398e+01
7.993000000000000682e+01
7.306000000000000227e+01
6.746999999999999886e+01
5.914000000000000057e+01
6.271000000000000085e+01
6.032999999999999829e+01
5.615999999999999659e+01
8.254999999999999716e+01
8.704999999999999716e+01
7.618000000000000682e+01
6.687999999999999545e+01
5.257999999999999829e+01
5.531000000000000227e+01
5.032999999999999829e+01
5.428000000000000114e+01
5.032999999999999829e+01
4.567999999999999972e+01
4.235999999999999943e+01
4.940999999999999659e+01
4.603000000000000114e+01
5.221999999999999886e+01
6.812999999999999545e+01
6.687999999999999545e+01
6.331000000000000227e+01
5.678999999999999915e+01
3.664000000000000057e+01
3.715999999999999659e+01
5.517999999999999972e+01
4.918999999999999773e+01
5.747999999999999687e+01
5.485000000000000142e+01
5.035000000000000142e+01
5.286999999999999744e+01
5.353000000000000114e+01
4.356000000000000227e+01
4.343999999999999773e+01
4.746999999999999886e+01
4.182999999999999829e+01
4.746999999999999886e+01
5.321999999999999886e+01
5.264000000000000057e+01
5.035000000000000142e+01
4.131000000000000227e+01
3.404999999999999716e+01
3.820000000000000284e+01
3.064000000000000057e+01
2.694999999999999929e+01
2.971999999999999886e+01
2.694999999999999929e+01
2.417999999999999972e+01
2.557000000000000028e+01
2.880000000000000071e+01
2.648999999999999844e+01
2.417999999999999972e+01
2.510999999999999943e+01
2.464000000000000057e+01
2.603000000000000114e+01
2.244999999999999929e+01
2.648999999999999844e+01
2.971999999999999886e+01
2.787999999999999901e+01
2.417999999999999972e+01
2.123999999999999844e+01
2.205000000000000071e+01
5.747999999999999687e+01
4.803999999999999915e+01
1.846999999999999886e+02
7.825000000000000000e+01
6.368999999999999773e+01
1.045000000000000000e+02
4.632000000000000028e+01
4.028000000000000114e+01
4.235000000000000142e+01
4.297999999999999687e+01
5.321999999999999886e+01
4.689000000000000057e+01
4.574000000000000199e+01
4.286999999999999744e+01
4.471000000000000085e+01
5.871999999999999886e+01
5.632999999999999829e+01
4.689000000000000057e+01
5.035000000000000142e+01
4.746999999999999886e+01
4.402000000000000313e+01
4.182999999999999829e+01
4.689000000000000057e+01
5.321999999999999886e+01
4.977000000000000313e+01
5.321999999999999886e+01
6.701000000000000512e+01
5.092000000000000171e+01
5.035000000000000142e+01
4.861999999999999744e+01
4.689000000000000057e+01
4.574000000000000199e+01
4.517000000000000171e+01
4.517000000000000171e+01
4.235000000000000142e+01
4.131000000000000227e+01
4.028000000000000114e+01
4.131000000000000227e+01
3.767999999999999972e+01
3.611999999999999744e+01
3.560000000000000142e+01
3.404999999999999716e+01
3.300999999999999801e+01
3.203000000000000114e+01
3.157000000000000028e+01
3.110999999999999943e+01
5.149000000000000199e+01
4.746999999999999886e+01
4.182999999999999829e+01
4.078999999999999915e+01
3.664000000000000057e+01
3.157000000000000028e+01
3.017999999999999972e+01
2.926000000000000156e+01
2.880000000000000071e+01
2.571999999999999886e+01
2.557000000000000028e+01
2.510999999999999943e+01
2.464000000000000057e+01
2.371999999999999886e+01
2.464000000000000057e+01
2.464000000000000057e+01
2.510999999999999943e+01
2.417999999999999972e+01
2.648999999999999844e+01
2.557000000000000028e+01
2.648999999999999844e+01
2.694999999999999929e+01
2.694999999999999929e+01
2.787999999999999901e+01
2.787999999999999901e+01
2.371999999999999886e+01
2.648999999999999844e+01
3.064000000000000057e+01
2.603000000000000114e+01
2.694999999999999929e+01
3.507999999999999829e+01
3.871999999999999886e+01
4.632000000000000028e+01
4.746999999999999886e+01
4.402000000000000313e+01
3.871999999999999886e+01
3.404999999999999716e+01
2.971999999999999886e+01
2.557000000000000028e+01
3.311999999999999744e+01
4.689000000000000057e+01
3.404999999999999716e+01
2.926000000000000156e+01
2.603000000000000114e+01
2.694999999999999929e+01
2.741000000000000014e+01
2.648999999999999844e+01
2.603000000000000114e+01
2.371999999999999886e+01
2.082999999999999829e+01
1.962000000000000099e+01
1.880999999999999872e+01
1.800000000000000000e+01
1.719000000000000128e+01
2.042999999999999972e+01
2.417999999999999972e+01
2.603000000000000114e+01
3.017999999999999972e+01
3.353000000000000114e+01
2.926000000000000156e+01
2.557000000000000028e+01
2.082999999999999829e+01
1.962000000000000099e+01
2.123999999999999844e+01
2.205000000000000071e+01
2.123999999999999844e+01
2.123999999999999844e+01
2.244999999999999929e+01
2.164000000000000057e+01
2.244999999999999929e+01
2.164000000000000057e+01
2.164000000000000057e+01
2.082999999999999829e+01
2.123999999999999844e+01
4.977000000000000313e+01
3.871999999999999886e+01
3.457000000000000028e+01
3.249000000000000199e+01
2.971999999999999886e+01
2.694999999999999929e+01
2.417999999999999972e+01
2.741000000000000014e+01
3.157000000000000028e+01
3.064000000000000057e+01
4.206000000000000227e+01
2.926000000000000156e+01
2.603000000000000114e+01
2.291000000000000014e+01
1.678999999999999915e+01
3.664000000000000057e+01
5.092000000000000171e+01
3.457000000000000028e+01
2.971999999999999886e+01
2.741000000000000014e+01
2.648999999999999844e+01
2.557000000000000028e+01
2.464000000000000057e+01
2.244999999999999929e+01
2.001999999999999957e+01
2.244999999999999929e+01
2.694999999999999929e+01
3.353000000000000114e+01
6.368999999999999773e+01
5.035000000000000142e+01
5.560999999999999943e+01
5.207000000000000028e+01
4.918999999999999773e+01
4.977000000000000313e+01
3.664000000000000057e+01
3.404999999999999716e+01
4.460000000000000142e+01
4.977000000000000313e+01
5.503999999999999915e+01
5.264000000000000057e+01
2.557000000000000028e+01
2.648999999999999844e+01
2.787999999999999901e+01
3.353000000000000114e+01
2.787999999999999901e+01
5.035000000000000142e+01
3.767999999999999972e+01
2.833999999999999986e+01
1.962000000000000099e+01
2.787999999999999901e+01
2.510999999999999943e+01
2.205000000000000071e+01
2.042999999999999972e+01
2.042999999999999972e+01
2.042999999999999972e+01
2.042999999999999972e+01
2.042999999999999972e+01
2.123999999999999844e+01
2.123999999999999844e+01
2.001999999999999957e+01
1.962000000000000099e+01
2.042999999999999972e+01
1.962000000000000099e+01
2.001999999999999957e+01
1.921999999999999886e+01
1.841000000000000014e+01
1.962000000000000099e+01
1.880999999999999872e+01
1.760000000000000142e+01
1.760000000000000142e+01
1.557000000000000028e+01
1.557000000000000028e+01
1.516999999999999993e+01
1.516999999999999993e+01
1.557000000000000028e+01
1.598000000000000043e+01
2.926000000000000156e+01
2.042999999999999972e+01
1.678999999999999915e+01
1.483000000000000007e+01
1.346000000000000085e+01
1.508000000000000007e+01
2.285999999999999943e+01
1.921999999999999886e+01
1.678999999999999915e+01
1.800000000000000000e+01
1.760000000000000142e+01
1.557000000000000028e+01
1.483000000000000007e+01
8.660000000000000142e+00
8.050000000000000711e+00
7.240000000000000213e+00
7.780000000000000249e+00
7.240000000000000213e+00
7.240000000000000213e+00
6.709999999999999964e+00
6.709999999999999964e+00
8.320000000000000284e+00
7.240000000000000213e+00
6.709999999999999964e+00
5.900000000000000355e+00
6.169999999999999929e+00
5.629999999999999893e+00
5.900000000000000355e+00
5.629999999999999893e+00
5.360000000000000320e+00
5.089999999999999858e+00
5.360000000000000320e+00
6.980000000000000426e+00
6.169999999999999929e+00
5.629999999999999893e+00
5.900000000000000355e+00
7.240000000000000213e+00
9.000000000000000000e+00
1.310999999999999943e+01
1.921999999999999886e+01
1.310999999999999943e+01
7.780000000000000249e+00
6.709999999999999964e+00
6.169999999999999929e+00
5.900000000000000355e+00
5.360000000000000320e+00
5.089999999999999858e+00
4.820000000000000284e+00
4.280000000000000249e+00
4.280000000000000249e+00
5.089999999999999858e+00
4.820000000000000284e+00
4.820000000000000284e+00
6.440000000000000391e+00
8.050000000000000711e+00
6.709999999999999964e+00
7.240000000000000213e+00
6.980000000000000426e+00
5.900000000000000355e+00
5.089999999999999858e+00
4.820000000000000284e+00
4.280000000000000249e+00
5.089999999999999858e+00
5.089999999999999858e+00
6.169999999999999929e+00
5.360000000000000320e+00
6.169999999999999929e+00
7.509999999999999787e+00
2.037999999999999901e+01
2.278999999999999915e+01
1.414000000000000057e+01
9.000000000000000000e+00
6.440000000000000391e+00
2.742999999999999972e+01
7.780000000000000249e+00
9.689999999999999503e+00
1.208999999999999986e+01
8.660000000000000142e+00
7.240000000000000213e+00
9.689999999999999503e+00
1.140000000000000036e+01
1.038000000000000078e+01
4.384000000000000341e+01
2.557000000000000028e+01
1.805999999999999872e+01
9.419999999999999929e+00
5.900000000000000355e+00
6.169999999999999929e+00
1.276999999999999957e+01
1.760000000000000142e+01
1.623000000000000043e+01
1.072000000000000064e+01
8.320000000000000284e+00
6.709999999999999964e+00
9.000000000000000000e+00
1.106000000000000050e+01
6.169999999999999929e+00
5.360000000000000320e+00
4.820000000000000284e+00
3.750000000000000000e+00
2.939999999999999947e+00
4.820000000000000284e+00
9.000000000000000000e+00
5.900000000000000355e+00
7.780000000000000249e+00
2.833999999999999986e+01
5.207000000000000028e+01
4.471000000000000085e+01
5.810000000000000142e+01
5.503999999999999915e+01
5.642000000000000171e+01
3.507999999999999829e+01
4.918999999999999773e+01
5.149000000000000199e+01
4.861999999999999744e+01
3.560000000000000142e+01
6.701000000000000512e+01
4.517000000000000171e+01
3.924000000000000199e+01
4.402000000000000313e+01
4.861999999999999744e+01
6.057999999999999829e+01
4.579999999999999716e+01
2.603000000000000114e+01
1.760000000000000142e+01
1.598000000000000043e+01
1.449000000000000021e+01
1.800000000000000000e+01
4.217000000000000171e+01
3.507999999999999829e+01
9.681999999999999318e+01
3.975999999999999801e+01
4.964999999999999858e+01
4.574000000000000199e+01
3.220000000000000284e+01
5.810000000000000142e+01
5.571000000000000085e+01
5.517999999999999972e+01
9.081000000000000227e+01
4.475999999999999801e+01
3.514000000000000057e+01
2.926000000000000156e+01
2.741000000000000014e+01
1.800000000000000000e+01
2.557000000000000028e+01
2.603000000000000114e+01
1.841000000000000014e+01
1.523000000000000043e+01
1.276999999999999957e+01
1.310999999999999943e+01
1.208999999999999986e+01
4.360999999999999943e+01
1.500999999999999979e+01
7.451999999999999602e+01
3.715999999999999659e+01
3.254999999999999716e+01
3.017999999999999972e+01
5.810000000000000142e+01
6.000999999999999801e+01
1.154000000000000057e+02
6.307000000000000028e+01
5.035000000000000142e+01
4.517000000000000171e+01
3.820000000000000284e+01
4.217000000000000171e+01
6.182999999999999829e+01
7.945999999999999375e+01
6.377000000000000313e+01
3.928999999999999915e+01
2.787999999999999901e+01
2.648999999999999844e+01
2.510999999999999943e+01
5.446000000000000085e+01
3.767999999999999972e+01
3.353000000000000114e+01
2.971999999999999886e+01
2.603000000000000114e+01
3.353000000000000114e+01
7.475000000000000000e+01
3.307000000000000028e+01
3.353000000000000114e+01
3.209000000000000341e+01
3.560000000000000142e+01
6.564000000000000057e+01
4.517000000000000171e+01
5.885999999999999943e+01
4.522999999999999687e+01
3.311999999999999744e+01
3.157000000000000028e+01
7.343000000000000682e+01
6.057999999999999829e+01
4.632000000000000028e+01
7.343000000000000682e+01
6.556000000000000227e+01
6.684000000000000341e+01
8.012999999999999545e+01
7.545000000000000284e+01
8.081999999999999318e+01
6.820999999999999375e+01
8.153000000000000114e+01
1.157999999999999972e+02
1.075999999999999943e+02
9.859000000000000341e+01
8.704999999999999716e+01
1.062999999999999972e+02
8.495000000000000284e+01
8.354999999999999716e+01
8.145000000000000284e+01
1.059000000000000057e+02
9.140000000000000568e+01
8.845000000000000284e+01
8.704999999999999716e+01
8.495000000000000284e+01
7.876000000000000512e+01
7.343000000000000682e+01
6.812999999999999545e+01
7.143999999999999773e+01
6.879000000000000625e+01
5.747999999999999687e+01
5.871999999999999886e+01
5.560999999999999943e+01
5.810000000000000142e+01
5.560999999999999943e+01
5.560999999999999943e+01
6.576000000000000512e+01
6.879000000000000625e+01
7.276000000000000512e+01
6.556000000000000227e+01
6.057999999999999829e+01
5.560999999999999943e+01
5.321999999999999886e+01
4.861999999999999744e+01
4.292999999999999972e+01
4.632000000000000028e+01
4.078999999999999915e+01
3.611999999999999744e+01
3.353000000000000114e+01
3.017999999999999972e+01
2.926000000000000156e+01
2.926000000000000156e+01
4.746999999999999886e+01
3.560000000000000142e+01
3.203000000000000114e+01
5.004999999999999716e+01
3.697999999999999687e+01
2.417999999999999972e+01
2.417999999999999972e+01
2.326000000000000156e+01
2.326000000000000156e+01
2.326000000000000156e+01
2.417999999999999972e+01
3.098999999999999844e+01
6.832999999999999829e+01
4.471000000000000085e+01
3.260999999999999943e+01
5.446000000000000085e+01
4.528000000000000114e+01
7.623000000000000398e+01
8.565000000000000568e+01
8.284999999999999432e+01
7.873000000000000398e+01
6.812999999999999545e+01
5.810000000000000142e+01
6.431000000000000227e+01
5.331000000000000227e+01
5.747999999999999687e+01
5.092000000000000171e+01
4.460000000000000142e+01
4.286999999999999744e+01
3.820000000000000284e+01
3.353000000000000114e+01
2.694999999999999929e+01
2.417999999999999972e+01
2.557000000000000028e+01
2.417999999999999972e+01
7.085999999999999943e+01
5.268999999999999773e+01
4.861999999999999744e+01
4.407999999999999829e+01
3.975999999999999801e+01
5.149000000000000199e+01
5.943999999999999773e+01
5.628000000000000114e+01
8.720000000000000284e+01
6.750000000000000000e+01
6.307000000000000028e+01
5.446000000000000085e+01
5.810000000000000142e+01
5.392999999999999972e+01
7.681000000000000227e+01
5.934000000000000341e+01
1.250000000000000000e+02
7.010999999999999943e+01
7.540999999999999659e+01
7.143999999999999773e+01
6.307000000000000028e+01
5.622999999999999687e+01
5.092000000000000171e+01
4.078999999999999915e+01
3.820000000000000284e+01
5.806000000000000227e+01
5.296999999999999886e+01
5.092000000000000171e+01
5.092000000000000171e+01
3.820000000000000284e+01
4.131000000000000227e+01
4.402000000000000313e+01
4.528000000000000114e+01
4.517000000000000171e+01
3.975999999999999801e+01
3.767999999999999972e+01
4.268999999999999773e+01
6.701000000000000512e+01
5.934000000000000341e+01
5.436999999999999744e+01
6.275000000000000000e+01
6.245000000000000284e+01
8.775000000000000000e+01
6.275000000000000000e+01
6.431000000000000227e+01
5.215999999999999659e+01
4.131000000000000227e+01
5.092000000000000171e+01
6.368999999999999773e+01
5.571000000000000085e+01
5.560999999999999943e+01
7.482999999999999829e+01
7.873000000000000398e+01
7.606999999999999318e+01
8.159999999999999432e+01
8.215000000000000568e+01
8.215000000000000568e+01
8.226000000000000512e+01
9.568000000000000682e+01
8.775000000000000000e+01
8.565000000000000568e+01
8.354999999999999716e+01
8.284999999999999432e+01
7.475000000000000000e+01
8.284999999999999432e+01
7.606999999999999318e+01
7.343000000000000682e+01
7.540999999999999659e+01
8.015999999999999659e+01
7.607999999999999829e+01
7.607999999999999829e+01
7.673999999999999488e+01
7.673999999999999488e+01
7.939000000000000057e+01
8.495000000000000284e+01
9.412999999999999545e+01
8.565000000000000568e+01
7.740000000000000568e+01
7.343000000000000682e+01
5.632999999999999829e+01
5.321999999999999886e+01
5.321999999999999886e+01
5.264000000000000057e+01
5.264000000000000057e+01
5.264000000000000057e+01
5.378999999999999915e+01
5.747999999999999687e+01
5.871999999999999886e+01
5.685999999999999943e+01
5.436999999999999744e+01
5.436999999999999744e+01
5.149000000000000199e+01
5.035000000000000142e+01
4.861999999999999744e+01
4.803999999999999915e+01
5.035000000000000142e+01
5.560999999999999943e+01
6.812999999999999545e+01
5.747999999999999687e+01
5.035000000000000142e+01
6.493999999999999773e+01
5.446000000000000085e+01
4.977000000000000313e+01
4.517000000000000171e+01
4.402000000000000313e+01
4.286999999999999744e+01
4.235000000000000142e+01
5.446000000000000085e+01
4.977000000000000313e+01
4.803999999999999915e+01
4.977000000000000313e+01
4.861999999999999744e+01
4.632000000000000028e+01
4.574000000000000199e+01
4.343999999999999773e+01
4.286999999999999744e+01
4.131000000000000227e+01
3.975999999999999801e+01
3.871999999999999886e+01
3.871999999999999886e+01
3.404999999999999716e+01
3.249000000000000199e+01
3.017999999999999972e+01
2.926000000000000156e+01
3.110999999999999943e+01
2.971999999999999886e+01
2.603000000000000114e+01
2.417999999999999972e+01
2.326000000000000156e+01
2.326000000000000156e+01
2.371999999999999886e+01
3.064000000000000057e+01
2.464000000000000057e+01
2.326000000000000156e+01
2.326000000000000156e+01
2.464000000000000057e+01
2.244999999999999929e+01
2.164000000000000057e+01
2.123999999999999844e+01
2.123999999999999844e+01
2.164000000000000057e+01
4.182999999999999829e+01
5.149000000000000199e+01
5.092000000000000171e+01
5.264000000000000057e+01
5.149000000000000199e+01
4.918999999999999773e+01
5.264000000000000057e+01
4.977000000000000313e+01
4.460000000000000142e+01
4.131000000000000227e+01
3.924000000000000199e+01
3.767999999999999972e+01
3.664000000000000057e+01
3.924000000000000199e+01
4.028000000000000114e+01
4.695000000000000284e+01
4.579999999999999716e+01
4.078999999999999915e+01
5.149000000000000199e+01
4.078999999999999915e+01
4.182999999999999829e+01
5.207000000000000028e+01
5.149000000000000199e+01
5.035000000000000142e+01
4.918999999999999773e+01
5.321999999999999886e+01
6.368999999999999773e+01
4.803999999999999915e+01
4.977000000000000313e+01
5.207000000000000028e+01
5.871999999999999886e+01
5.207000000000000028e+01
4.235000000000000142e+01
4.464999999999999858e+01
4.460000000000000142e+01
3.924000000000000199e+01
3.820000000000000284e+01
3.359000000000000341e+01
3.871999999999999886e+01
4.402000000000000313e+01
5.092000000000000171e+01
5.747999999999999687e+01
5.810000000000000142e+01
5.321999999999999886e+01
6.182999999999999829e+01
7.545000000000000284e+01
9.848000000000000398e+01
7.832999999999999829e+01
5.747999999999999687e+01
5.321999999999999886e+01
5.274000000000000199e+01
5.622999999999999687e+01
5.560999999999999943e+01
6.389999999999999858e+01
5.747999999999999687e+01
4.918999999999999773e+01
4.350000000000000000e+01
9.023000000000000398e+01
6.057999999999999829e+01
9.932999999999999829e+01
1.065999999999999943e+02
1.044000000000000057e+02
8.915000000000000568e+01
1.460999999999999943e+02
8.034999999999999432e+01
1.014000000000000057e+02
9.493999999999999773e+01
8.915000000000000568e+01
8.145000000000000284e+01
7.343000000000000682e+01
7.482999999999999829e+01
1.095999999999999943e+02
9.198999999999999488e+01
6.589000000000000057e+01
7.540999999999999659e+01
6.434999999999999432e+01
1.022000000000000028e+02
8.190000000000000568e+01
8.090000000000000568e+01
1.744000000000000057e+02
9.570999999999999375e+01
7.343000000000000682e+01
8.425000000000000000e+01
8.495000000000000284e+01
2.293000000000000114e+02
1.204000000000000057e+02
7.409000000000000341e+01
6.556000000000000227e+01
6.057999999999999829e+01
5.560999999999999943e+01
5.436999999999999744e+01
5.436999999999999744e+01
6.121000000000000085e+01
6.431000000000000227e+01
9.570999999999999375e+01
2.538000000000000114e+02
1.365999999999999943e+02
9.276000000000000512e+01
5.747999999999999687e+01
5.436999999999999744e+01
5.436999999999999744e+01
5.560999999999999943e+01
5.622999999999999687e+01
5.934000000000000341e+01
5.436999999999999744e+01
5.035000000000000142e+01
5.092000000000000171e+01
4.861999999999999744e+01
4.977000000000000313e+01
4.402000000000000313e+01
4.402000000000000313e+01
4.235000000000000142e+01
4.343999999999999773e+01
4.182999999999999829e+01
4.517000000000000171e+01
4.235000000000000142e+01
4.286999999999999744e+01
4.235000000000000142e+01
3.767999999999999972e+01
4.235000000000000142e+01
4.028000000000000114e+01
3.664000000000000057e+01
3.410000000000000142e+01
3.064000000000000057e+01
3.157000000000000028e+01
2.926000000000000156e+01
3.017999999999999972e+01
2.880000000000000071e+01
2.741000000000000014e+01
2.603000000000000114e+01
2.464000000000000057e+01
2.244999999999999929e+01
2.042999999999999972e+01
2.082999999999999829e+01
2.694999999999999929e+01
2.464000000000000057e+01
2.205000000000000071e+01
2.123999999999999844e+01
1.962000000000000099e+01
5.153999999999999915e+01
3.461999999999999744e+01
3.507999999999999829e+01
3.353000000000000114e+01
3.664000000000000057e+01
2.464000000000000057e+01
2.326000000000000156e+01
2.205000000000000071e+01
2.042999999999999972e+01
1.921999999999999886e+01
2.417999999999999972e+01
2.244999999999999929e+01
2.164000000000000057e+01
1.962000000000000099e+01
2.082999999999999829e+01
2.001999999999999957e+01
1.841000000000000014e+01
1.880999999999999872e+01
1.760000000000000142e+01
1.800000000000000000e+01
2.082999999999999829e+01
2.164000000000000057e+01
4.475999999999999801e+01
3.359000000000000341e+01
2.694999999999999929e+01
2.510999999999999943e+01
2.205000000000000071e+01
2.082999999999999829e+01
2.123999999999999844e+01
2.082999999999999829e+01
2.042999999999999972e+01
2.971999999999999886e+01
3.507999999999999829e+01
3.359000000000000341e+01
4.292999999999999972e+01
2.603000000000000114e+01
2.510999999999999943e+01
2.510999999999999943e+01
2.285999999999999943e+01
2.205000000000000071e+01
2.042999999999999972e+01
1.841000000000000014e+01
1.719000000000000128e+01
1.598000000000000043e+01
1.678999999999999915e+01
1.516999999999999993e+01
1.516999999999999993e+01
1.414000000000000057e+01
1.380000000000000071e+01
1.310999999999999943e+01
3.664000000000000057e+01
2.926000000000000156e+01
2.417999999999999972e+01
1.841000000000000014e+01
1.678999999999999915e+01
1.678999999999999915e+01
1.880999999999999872e+01
4.574000000000000199e+01
3.664000000000000057e+01
2.603000000000000114e+01
2.205000000000000071e+01
1.346000000000000085e+01
1.380000000000000071e+01
2.741000000000000014e+01
1.678999999999999915e+01
1.557000000000000028e+01
1.841000000000000014e+01
1.678999999999999915e+01
1.678999999999999915e+01
1.678999999999999915e+01
1.678999999999999915e+01
1.448000000000000043e+01
1.380000000000000071e+01
1.760000000000000142e+01
1.719000000000000128e+01
1.516999999999999993e+01
2.510999999999999943e+01
5.092000000000000171e+01
3.871999999999999886e+01
3.311999999999999744e+01
3.560000000000000142e+01
4.309000000000000341e+01
5.264000000000000057e+01
3.560000000000000142e+01
2.787999999999999901e+01
2.244999999999999929e+01
2.082999999999999829e+01
1.962000000000000099e+01
1.598000000000000043e+01
1.678999999999999915e+01
1.637999999999999901e+01
1.598000000000000043e+01
1.678999999999999915e+01
1.449000000000000021e+01
1.380000000000000071e+01
1.380000000000000071e+01
3.974000000000000199e+01
9.553000000000000114e+01
6.498000000000000398e+01
2.557000000000000028e+01
2.326000000000000156e+01
2.326000000000000156e+01
2.326000000000000156e+01
2.244999999999999929e+01
2.326000000000000156e+01
2.326000000000000156e+01
4.632000000000000028e+01
4.309000000000000341e+01
4.803999999999999915e+01
4.574000000000000199e+01
4.977000000000000313e+01
4.803999999999999915e+01
4.746999999999999886e+01
4.517000000000000171e+01
4.517000000000000171e+01
4.286999999999999744e+01
4.574000000000000199e+01
6.057999999999999829e+01
3.924000000000000199e+01
2.603000000000000114e+01
2.205000000000000071e+01
2.042999999999999972e+01
2.164000000000000057e+01
2.694999999999999929e+01
4.746999999999999886e+01
3.167999999999999972e+01
2.464000000000000057e+01
2.205000000000000071e+01
2.164000000000000057e+01
2.082999999999999829e+01
1.841000000000000014e+01
1.719000000000000128e+01
2.205000000000000071e+01
3.675000000000000000e+01
6.368999999999999773e+01
3.560000000000000142e+01
2.833999999999999986e+01
2.694999999999999929e+01
9.465000000000000568e+01
2.871000000000000227e+02
4.985999999999999943e+01
4.286999999999999744e+01
4.286999999999999744e+01
5.035000000000000142e+01
5.814999999999999858e+01
5.560999999999999943e+01
5.264000000000000057e+01
4.977000000000000313e+01
4.977000000000000313e+01
5.321999999999999886e+01
5.934000000000000341e+01
6.368999999999999773e+01
5.747999999999999687e+01
5.035000000000000142e+01
5.035000000000000142e+01
5.207000000000000028e+01
4.918999999999999773e+01
4.574000000000000199e+01
4.182999999999999829e+01
4.028000000000000114e+01
4.517000000000000171e+01
8.082999999999999829e+01
9.706999999999999318e+01
7.343000000000000682e+01
5.810000000000000142e+01
4.861999999999999744e+01
5.092000000000000171e+01
4.517000000000000171e+01
4.078999999999999915e+01
3.871999999999999886e+01
3.871999999999999886e+01
4.182999999999999829e+01
4.028000000000000114e+01
5.035000000000000142e+01
4.746999999999999886e+01
5.632999999999999829e+01
4.918999999999999773e+01
4.746999999999999886e+01
4.343999999999999773e+01
4.131000000000000227e+01
4.078999999999999915e+01
4.402000000000000313e+01
4.292999999999999972e+01
4.402000000000000313e+01
4.235000000000000142e+01
3.975999999999999801e+01
3.767999999999999972e+01
3.664000000000000057e+01
