date,Qsim,Quz,Qlz,SP,SM,UZ,LZ,WC
'2009-01-01',34.648,23.141,13.923,0.000,10.000,10.000,10.000,0.000
'2009-01-02',33.643,13.955,19.449,0.000,9.926,5.243,12.871,0.000
'2009-01-03',26.947,3.051,23.446,0.000,10.890,1.146,15.516,0.000
'2009-01-04',23.426,0.000,23.212,0.000,11.005,0.000,15.361,0.000
'2009-01-05',21.555,0.000,21.440,0.000,11.679,0.000,14.188,0.000
'2009-01-06',20.576,0.000,20.516,0.000,22.296,0.000,13.577,0.000
'2009-01-07',20.140,0.000,20.114,0.000,29.391,0.000,13.311,0.000
'2009-01-08',19.615,0.000,19.581,0.000,33.461,0.000,12.958,0.000
'2009-01-09',18.655,0.000,18.590,0.000,35.047,0.000,12.303,0.000
'2009-01-10',17.436,0.000,17.355,0.000,35.416,0.000,11.485,0.000
'2009-01-11',16.278,0.000,16.203,0.000,35.726,0.000,10.723,0.000
'2009-01-12',15.097,0.000,15.019,0.000,35.646,0.000,9.940,0.000
'2009-01-13',14.532,0.000,14.498,0.000,37.328,0.000,9.594,0.000
'2009-01-14',13.479,0.000,13.408,0.000,37.168,0.000,8.873,0.000
'2009-01-15',12.703,0.000,12.654,0.000,37.729,0.000,8.374,0.000
'2009-01-16',12.283,0.000,12.257,0.000,39.205,0.000,8.111,0.000
'2009-01-17',13.831,0.000,13.941,0.000,46.083,0.000,9.226,0.000
'2009-01-18',13.944,0.000,13.944,0.000,48.125,0.000,9.228,0.000
'2009-01-19',15.664,0.000,15.784,0.000,53.343,0.000,10.446,0.000
'2009-01-20',15.175,0.000,15.133,0.000,54.010,0.000,10.015,0.000
'2009-01-21',14.062,0.000,13.987,0.000,53.598,0.000,9.256,0.000
'2009-01-22',13.089,0.000,13.026,0.000,53.454,0.000,8.621,0.000
'2009-01-23',26.629,10.048,17.528,0.000,71.495,3.775,11.600,0.000
'2009-01-24',22.241,0.192,21.677,0.000,71.292,0.072,14.345,0.000
'2009-01-25',20.505,0.000,20.410,0.000,70.945,0.000,13.507,0.000
'2009-01-26',18.963,0.000,18.862,0.000,70.163,0.000,12.482,0.000
'2009-01-27',17.640,0.000,17.555,0.000,69.524,0.000,11.617,0.000
'2009-01-28',17.641,0.000,17.647,0.000,70.166,0.000,11.679,0.000
'2009-01-29',17.810,0.000,17.822,0.000,70.769,0.000,11.794,0.000
'2009-01-30',35.907,15.221,21.947,0.000,83.773,5.718,14.524,0.000
'2009-01-31',35.035,9.138,25.748,0.000,84.932,3.433,17.039,0.000
'2009-02-01',56.599,28.863,29.250,0.000,95.222,10.843,19.357,0.000
'2009-02-02',49.452,16.372,32.476,0.000,94.378,6.150,21.492,0.000
'2009-02-03',41.242,5.263,35.449,0.000,93.302,1.977,23.460,0.000
'2009-02-04',37.799,0.000,37.596,0.000,92.764,0.000,24.880,0.000
'2009-02-05',35.002,0.000,34.821,0.000,91.575,0.000,23.044,0.000
'2009-02-06',35.793,0.000,35.861,0.000,92.165,0.000,23.732,0.000
'2009-02-07',34.322,0.000,34.215,0.000,91.754,0.000,22.643,0.000
'2009-02-08',32.869,0.000,32.775,0.000,91.384,0.000,21.690,0.000
'2009-02-09',30.649,0.000,30.500,0.000,90.655,0.000,20.185,0.000
'2009-02-10',32.136,0.000,32.250,0.000,91.562,0.000,21.343,0.000
'2009-02-11',30.341,0.000,30.207,0.000,90.796,0.000,19.991,0.000
'2009-02-12',34.074,0.985,33.359,0.000,93.006,0.370,22.076,0.000
'2009-02-13',32.092,0.000,31.935,0.000,92.328,0.000,21.134,0.000
'2009-02-14',37.772,3.229,34.951,0.000,95.091,1.213,23.130,0.000
'2009-02-15',36.020,0.000,35.869,0.000,95.341,0.000,23.737,0.000
'2009-02-16',34.603,0.000,34.515,0.000,95.258,0.000,22.841,0.000
'2009-02-17',32.345,0.000,32.194,0.000,94.682,0.000,21.305,0.000
'2009-02-18',29.909,0.000,29.750,0.000,93.530,0.000,19.688,0.000
'2009-02-19',29.979,0.000,29.995,0.000,93.365,0.000,19.850,0.000
'2009-02-20',28.279,0.000,28.159,0.000,92.866,0.000,18.635,0.000
'2009-02-21',27.473,0.000,27.426,0.000,92.608,0.000,18.150,0.000
'2009-02-22',25.748,0.000,25.631,0.000,91.625,0.000,16.962,0.000
'2009-02-23',23.997,0.000,23.883,0.000,90.720,0.000,15.805,0.000
'2009-02-24',29.081,1.911,27.532,0.000,92.673,0.718,18.220,0.000
'2009-02-25',28.133,0.000,28.042,0.000,92.501,0.000,18.558,0.000
'2009-02-26',26.262,0.000,26.138,0.000,91.900,0.000,17.298,0.000
'2009-02-27',25.862,0.000,25.843,0.000,91.824,0.000,17.102,0.000
'2009-02-28',24.640,0.000,24.556,0.000,91.254,0.000,16.250,0.000
'2009-03-01',23.481,0.000,23.406,0.000,90.358,0.000,15.489,0.000
'2009-03-02',22.286,0.000,22.208,0.000,89.583,0.000,14.697,0.000
'2009-03-03',29.617,4.144,25.989,0.000,92.910,1.557,17.199,0.000
'2009-03-04',28.658,0.000,28.555,0.000,93.354,0.000,18.897,0.000
'2009-03-05',26.547,0.000,26.407,0.000,92.611,0.000,17.476,0.000
'2009-03-06',24.827,0.000,24.717,0.000,91.357,0.000,16.357,0.000
'2009-03-07',24.389,0.000,24.366,0.000,90.969,0.000,16.125,0.000
'2009-03-08',22.598,0.000,22.474,0.000,89.537,0.000,14.873,0.000
'2009-03-09',22.076,0.000,22.048,0.000,89.114,0.000,14.591,0.000
'2009-03-10',20.610,0.000,20.510,0.000,87.964,0.000,13.573,0.000
'2009-03-11',19.161,0.000,19.067,0.000,86.840,0.000,12.618,0.000
'2009-03-12',20.054,0.000,20.123,0.000,87.348,0.000,13.317,0.000
'2009-03-13',21.584,0.000,21.686,0.000,88.272,0.000,14.352,0.000
'2009-03-14',20.634,0.000,20.560,0.000,88.147,0.000,13.607,0.000
'2009-03-15',26.340,2.273,24.470,0.000,90.783,0.854,16.194,0.000
'2009-03-16',27.909,0.000,27.990,0.000,91.849,0.000,18.523,0.000
'2009-03-17',26.902,0.000,26.827,0.000,91.466,0.000,17.753,0.000
'2009-03-18',28.597,0.000,28.721,0.000,92.763,0.000,19.007,0.000
'2009-03-19',31.870,0.101,31.989,0.000,94.664,0.038,21.170,0.000
'2009-03-20',30.099,0.000,29.960,0.000,94.348,0.000,19.827,0.000
'2009-03-21',35.946,3.233,33.131,0.000,96.475,1.215,21.925,0.000
'2009-03-22',34.114,0.000,33.957,0.000,96.261,0.000,22.472,0.000
'2009-03-23',39.664,3.247,36.814,0.000,98.540,1.220,24.363,0.000
'2009-03-24',36.363,0.000,36.105,0.000,97.815,0.000,23.894,0.000
'2009-03-25',41.903,3.514,38.793,0.000,99.889,1.320,25.672,0.000
'2009-03-26',43.805,2.640,41.269,0.000,100.640,0.992,27.311,0.000
'2009-03-27',55.089,12.317,43.551,0.000,103.873,4.627,28.821,0.000
'2009-03-28',75.735,31.467,45.653,0.000,108.823,11.821,30.212,0.000
'2009-03-29',94.888,48.536,47.590,0.000,112.699,18.234,31.494,0.000
'2009-03-30',85.205,35.069,49.375,0.000,111.689,13.174,32.675,0.000
'2009-03-31',93.723,43.351,51.019,0.000,113.411,16.286,33.763,0.000
'2009-04-01',94.471,41.944,52.534,0.000,114.327,15.757,34.766,0.000
'2009-04-02',109.960,57.109,53.930,0.000,116.973,21.454,35.690,0.000
'2009-04-03',97.549,41.392,55.216,0.000,115.764,15.550,36.541,0.000
'2009-04-04',84.651,27.416,56.402,0.000,114.743,10.299,37.325,0.000
'2009-04-05',72.951,14.700,57.493,0.000,113.050,5.522,38.048,0.000
'2009-04-06',62.787,3.632,58.499,0.000,111.300,1.364,38.714,0.000
'2009-04-07',56.882,0.000,56.516,0.000,109.964,0.000,37.401,0.000
'2009-04-08',76.839,20.657,57.599,0.000,113.425,7.760,38.118,0.000
'2009-04-09',68.402,9.118,58.596,0.000,113.020,3.426,38.778,0.000
'2009-04-10',64.385,4.638,59.516,0.000,112.390,1.742,39.386,0.000
'2009-04-11',90.343,31.806,60.363,0.000,116.033,11.949,39.947,0.000
'2009-04-12',111.594,51.805,61.143,0.000,118.346,19.461,40.463,0.000
'2009-04-13',99.071,36.241,61.862,0.000,116.941,13.615,40.939,0.000
'2009-04-14',87.351,24.076,62.525,0.000,115.966,9.045,41.378,0.000
'2009-04-15',94.455,31.867,63.135,0.000,117.161,11.971,41.782,0.000
'2009-04-16',83.098,18.570,63.698,0.000,115.147,6.976,42.154,0.000
'2009-04-17',71.971,7.037,64.216,0.000,113.661,2.644,42.497,0.000
'2009-04-18',63.432,0.000,62.887,0.000,112.311,0.000,41.617,0.000
'2009-04-19',58.528,0.000,58.224,0.000,110.845,0.000,38.532,0.000
'2009-04-20',53.959,0.000,53.661,0.000,109.224,0.000,35.512,0.000
'2009-04-21',51.204,0.000,51.033,0.000,108.135,0.000,33.773,0.000
'2009-04-22',47.282,0.000,47.021,0.000,107.318,0.000,31.117,0.000
'2009-04-23',43.713,0.000,43.483,0.000,105.887,0.000,28.776,0.000
'2009-04-24',56.522,11.841,45.590,0.000,108.105,4.448,30.171,0.000
'2009-04-25',49.382,1.289,47.532,0.000,106.631,0.484,31.456,0.000
'2009-04-26',45.007,0.000,44.741,0.000,105.437,0.000,29.609,0.000
'2009-04-27',41.473,0.000,41.245,0.000,104.377,0.000,27.295,0.000
'2009-04-28',38.311,0.000,38.106,0.000,102.755,0.000,25.218,0.000
'2009-04-29',35.874,0.000,35.719,0.000,101.786,0.000,23.638,0.000
'2009-04-30',51.575,14.243,38.437,0.000,105.992,5.351,25.437,0.000
'2009-05-01',44.816,3.326,40.941,0.000,105.198,1.250,27.094,0.000
'2009-05-02',69.807,28.339,43.249,0.000,110.235,10.646,28.621,0.000
'2009-05-03',100.421,57.056,45.375,0.000,115.211,21.434,30.028,0.000
'2009-05-04',92.210,44.164,47.334,0.000,114.694,16.591,31.324,0.000
'2009-05-05',80.187,30.260,49.138,0.000,113.663,11.368,32.519,0.000
'2009-05-06',75.745,24.689,50.801,0.000,113.280,9.275,33.619,0.000
'2009-05-07',77.571,25.382,52.334,0.000,113.666,9.535,34.633,0.000
'2009-05-08',73.727,19.704,53.745,0.000,113.355,7.402,35.568,0.000
'2009-05-09',63.935,8.226,55.046,0.000,112.187,3.090,36.428,0.000
'2009-05-10',55.629,0.000,55.097,0.000,110.416,0.000,36.462,0.000
'2009-05-11',51.696,0.000,51.459,0.000,108.342,0.000,34.054,0.000
'2009-05-12',48.522,0.000,48.317,0.000,107.116,0.000,31.975,0.000
'2009-05-13',56.821,7.369,50.045,0.000,108.639,2.768,33.119,0.000
'2009-05-14',50.518,0.000,50.038,0.000,107.583,0.000,33.114,0.000
'2009-05-15',46.421,0.000,46.169,0.000,106.167,0.000,30.554,0.000
'2009-05-16',43.520,0.000,43.336,0.000,105.274,0.000,28.679,0.000
'2009-05-17',44.304,0.000,44.371,0.000,105.252,0.000,29.364,0.000
'2009-05-18',41.571,0.000,41.375,0.000,104.138,0.000,27.381,0.000
'2009-05-19',38.679,0.000,38.491,0.000,103.045,0.000,25.472,0.000
'2009-05-20',35.662,0.000,35.464,0.000,101.891,0.000,23.470,0.000
'2009-05-21',32.858,0.000,32.676,0.000,100.916,0.000,21.624,0.000
'2009-05-22',30.274,0.000,30.107,0.000,99.937,0.000,19.924,0.000
'2009-05-23',27.894,0.000,27.740,0.000,98.642,0.000,18.358,0.000
'2009-05-24',25.713,0.000,25.572,0.000,97.452,0.000,16.923,0.000
'2009-05-25',26.831,0.000,26.919,0.000,97.634,0.000,17.815,0.000
'2009-05-26',24.989,0.000,24.854,0.000,96.386,0.000,16.448,0.000
'2009-05-27',23.063,0.000,22.938,0.000,94.898,0.000,15.180,0.000
'2009-05-28',24.581,0.000,24.695,0.000,95.140,0.000,16.343,0.000
'2009-05-29',23.456,0.000,23.370,0.000,94.440,0.000,15.466,0.000
'2009-05-30',24.615,0.000,24.702,0.000,95.381,0.000,16.347,0.000
'2009-05-31',23.114,0.000,23.003,0.000,94.271,0.000,15.223,0.000
'2009-06-01',21.318,0.000,21.201,0.000,92.883,0.000,14.030,0.000
'2009-06-02',19.643,0.000,19.534,0.000,90.875,0.000,12.927,0.000
'2009-06-03',18.098,0.000,17.998,0.000,89.360,0.000,11.911,0.000
'2009-06-04',16.675,0.000,16.583,0.000,88.079,0.000,10.974,0.000
'2009-06-05',16.476,0.000,16.469,0.000,88.054,0.000,10.899,0.000
'2009-06-06',15.370,0.000,15.293,0.000,87.389,0.000,10.121,0.000
'2009-06-07',14.426,0.000,14.365,0.000,86.915,0.000,9.507,0.000
'2009-06-08',29.250,11.525,18.762,0.000,92.995,4.330,12.417,0.000
'2009-06-09',24.390,1.166,22.814,0.000,92.229,0.438,15.098,0.000
'2009-06-10',25.087,0.000,25.165,0.000,92.893,0.000,16.653,0.000
'2009-06-11',39.475,11.760,28.712,0.000,97.868,4.418,19.001,0.000
'2009-06-12',54.312,23.295,31.981,0.000,101.632,8.751,21.165,0.000
'2009-06-13',49.143,13.723,34.993,0.000,101.515,5.155,23.158,0.000
'2009-06-14',41.058,2.756,37.768,0.000,100.685,1.035,24.994,0.000
'2009-06-15',39.262,0.000,39.174,0.000,100.507,0.000,25.925,0.000
'2009-06-16',41.993,0.569,41.620,0.000,101.599,0.214,27.544,0.000
'2009-06-17',38.902,0.000,38.673,0.000,100.803,0.000,25.593,0.000
'2009-06-18',35.874,0.000,35.679,0.000,99.530,0.000,23.612,0.000
'2009-06-19',33.112,0.000,32.933,0.000,98.215,0.000,21.794,0.000
'2009-06-20',33.155,0.000,33.171,0.000,98.052,0.000,21.952,0.000
'2009-06-21',30.787,0.000,30.621,0.000,96.801,0.000,20.264,0.000
'2009-06-22',58.733,26.953,33.740,0.000,104.826,10.125,22.328,0.000
'2009-06-23',55.374,18.390,36.613,0.000,104.893,6.908,24.230,0.000
'2009-06-24',46.678,6.836,39.261,0.000,103.657,2.568,25.982,0.000
'2009-06-25',42.499,0.547,41.701,0.000,103.315,0.206,27.597,0.000
'2009-06-26',38.939,0.000,38.708,0.000,102.341,0.000,25.616,0.000
'2009-06-27',35.863,0.000,35.665,0.000,101.378,0.000,23.602,0.000
'2009-06-28',33.044,0.000,32.861,0.000,100.588,0.000,21.747,0.000
'2009-06-29',30.539,0.000,30.377,0.000,99.525,0.000,20.103,0.000
'2009-06-30',28.673,0.000,28.554,0.000,98.969,0.000,18.897,0.000
'2009-07-01',29.752,0.000,29.835,0.000,99.334,0.000,19.744,0.000
'2009-07-02',28.507,0.000,28.414,0.000,98.546,0.000,18.804,0.000
'2009-07-03',26.976,0.000,26.875,0.000,97.743,0.000,17.786,0.000
'2009-07-04',25.339,0.000,25.232,0.000,97.008,0.000,16.698,0.000
'2009-07-05',23.383,0.000,23.254,0.000,96.048,0.000,15.389,0.000
'2009-07-06',21.910,0.000,21.816,0.000,94.592,0.000,14.438,0.000
'2009-07-07',20.213,0.000,20.101,0.000,93.612,0.000,13.303,0.000
'2009-07-08',29.736,6.360,24.047,0.000,96.494,2.389,15.914,0.000
'2009-07-09',25.845,0.000,25.527,0.000,95.310,0.000,16.893,0.000
'2009-07-10',23.651,0.000,23.520,0.000,94.312,0.000,15.565,0.000
'2009-07-11',22.028,0.000,21.924,0.000,93.501,0.000,14.509,0.000
'2009-07-12',20.346,0.000,20.236,0.000,92.270,0.000,13.392,0.000
'2009-07-13',19.141,0.000,19.065,0.000,91.270,0.000,12.617,0.000
'2009-07-14',17.669,0.000,17.572,0.000,90.170,0.000,11.629,0.000
'2009-07-15',16.684,0.000,16.622,0.000,89.313,0.000,11.000,0.000
'2009-07-16',15.400,0.000,15.315,0.000,88.158,0.000,10.135,0.000
'2009-07-17',14.263,0.000,14.190,0.000,87.051,0.000,9.391,0.000
'2009-07-18',13.304,0.000,13.242,0.000,85.916,0.000,8.763,0.000
'2009-07-19',12.269,0.000,12.201,0.000,84.898,0.000,8.074,0.000
'2009-07-20',11.517,0.000,11.469,0.000,84.259,0.000,7.590,0.000
'2009-07-21',10.852,0.000,10.809,0.000,83.628,0.000,7.153,0.000
'2009-07-22',18.423,3.469,15.485,0.000,87.405,1.303,10.248,0.000
'2009-07-23',16.584,0.000,16.419,0.000,86.766,0.000,10.866,0.000
'2009-07-24',15.212,0.000,15.128,0.000,85.627,0.000,10.011,0.000
'2009-07-25',14.016,0.000,13.939,0.000,84.516,0.000,9.224,0.000
'2009-07-26',12.914,0.000,12.843,0.000,83.307,0.000,8.499,0.000
'2009-07-27',11.899,0.000,11.833,0.000,81.994,0.000,7.831,0.000
'2009-07-28',10.973,0.000,10.913,0.000,80.910,0.000,7.222,0.000
'2009-07-29',10.116,0.000,10.060,0.000,79.666,0.000,6.658,0.000
'2009-07-30',9.321,0.000,9.269,0.000,79.029,0.000,6.134,0.000
'2009-07-31',8.588,0.000,8.540,0.000,77.874,0.000,5.652,0.000
'2009-08-01',7.917,0.000,7.874,0.000,76.990,0.000,5.211,0.000
'2009-08-02',7.295,0.000,7.255,0.000,75.785,0.000,4.801,0.000
'2009-08-03',6.726,0.000,6.689,0.000,74.694,0.000,4.427,0.000
'2009-08-04',6.197,0.000,6.163,0.000,73.717,0.000,4.079,0.000
'2009-08-05',5.714,0.000,5.683,0.000,72.892,0.000,3.761,0.000
'2009-08-06',5.791,0.000,5.798,0.000,72.395,0.000,3.837,0.000
'2009-08-07',5.726,0.000,5.721,0.000,72.188,0.000,3.786,0.000
'2009-08-08',6.082,0.000,6.107,0.000,72.288,0.000,4.041,0.000
'2009-08-09',5.849,0.000,5.831,0.000,71.793,0.000,3.859,0.000
'2009-08-10',5.411,0.000,5.382,0.000,70.943,0.000,3.562,0.000
'2009-08-11',5.259,0.000,5.250,0.000,70.100,0.000,3.474,0.000
'2009-08-12',4.864,0.000,4.837,0.000,69.304,0.000,3.201,0.000
'2009-08-13',4.968,0.000,4.977,0.000,68.752,0.000,3.294,0.000
'2009-08-14',9.080,0.000,9.367,0.000,72.743,0.000,6.199,0.000
'2009-08-15',8.695,0.000,8.648,0.000,71.819,0.000,5.723,0.000
'2009-08-16',9.820,0.000,9.902,0.000,72.623,0.000,6.553,0.000
'2009-08-17',10.551,0.000,10.596,0.000,73.218,0.000,7.012,0.000
'2009-08-18',9.948,0.000,9.903,0.000,72.545,0.000,6.554,0.000
'2009-08-19',9.810,0.000,9.804,0.000,72.235,0.000,6.488,0.000
'2009-08-20',9.275,0.000,9.238,0.000,71.772,0.000,6.113,0.000
'2009-08-21',10.373,0.000,10.453,0.000,72.863,0.000,6.917,0.000
'2009-08-22',9.705,0.000,9.653,0.000,72.210,0.000,6.388,0.000
'2009-08-23',11.408,0.000,11.530,0.000,73.692,0.000,7.630,0.000
'2009-08-24',18.936,3.302,16.150,0.000,79.560,1.241,10.688,0.000
'2009-08-25',25.184,5.177,20.406,0.000,83.443,1.945,13.505,0.000
'2009-08-26',22.707,0.000,22.506,0.000,83.129,0.000,14.894,0.000
'2009-08-27',20.852,0.000,20.737,0.000,82.100,0.000,13.723,0.000
'2009-08-28',19.213,0.000,19.107,0.000,80.773,0.000,12.644,0.000
'2009-08-29',17.721,0.000,17.625,0.000,79.714,0.000,11.664,0.000
'2009-08-30',17.848,0.000,17.864,0.000,79.808,0.000,11.822,0.000
'2009-08-31',23.173,1.557,21.986,0.000,83.183,0.585,14.550,0.000
'2009-09-01',21.232,0.000,21.071,0.000,81.595,0.000,13.945,0.000
'2009-09-02',19.528,0.000,19.420,0.000,80.074,0.000,12.852,0.000
'2009-09-03',18.026,0.000,17.928,0.000,78.657,0.000,11.865,0.000
'2009-09-04',17.681,0.000,17.663,0.000,78.426,0.000,11.689,0.000
'2009-09-05',18.208,0.000,18.246,0.000,78.912,0.000,12.075,0.000
'2009-09-06',16.909,0.000,16.816,0.000,77.875,0.000,11.129,0.000
'2009-09-07',15.858,0.000,15.791,0.000,76.633,0.000,10.450,0.000
'2009-09-08',14.725,0.000,14.650,0.000,75.743,0.000,9.695,0.000
'2009-09-09',13.613,0.000,13.541,0.000,74.810,0.000,8.961,0.000
'2009-09-10',13.465,0.000,13.460,0.000,74.530,0.000,8.908,0.000
'2009-09-11',12.475,0.000,12.406,0.000,73.648,0.000,8.210,0.000
'2009-09-12',11.495,0.000,11.431,0.000,72.456,0.000,7.565,0.000
'2009-09-13',10.608,0.000,10.550,0.000,71.759,0.000,6.982,0.000
'2009-09-14',10.566,0.000,10.568,0.000,71.345,0.000,6.993,0.000
'2009-09-15',14.819,0.000,15.115,0.000,75.556,0.000,10.003,0.000
'2009-09-16',20.568,1.495,19.453,0.000,80.247,0.562,12.874,0.000
'2009-09-17',24.226,1.005,23.450,0.000,83.322,0.377,15.519,0.000
'2009-09-18',34.139,7.681,27.133,0.000,88.355,2.886,17.956,0.000
'2009-09-19',29.581,0.000,29.216,0.000,87.083,0.000,19.335,0.000
'2009-09-20',27.074,0.000,26.925,0.000,85.757,0.000,17.818,0.000
'2009-09-21',25.048,0.000,24.917,0.000,84.293,0.000,16.490,0.000
'2009-09-22',23.312,0.000,23.200,0.000,83.320,0.000,15.353,0.000
'2009-09-23',21.495,0.000,21.376,0.000,82.033,0.000,14.146,0.000
'2009-09-24',19.805,0.000,19.695,0.000,80.350,0.000,13.034,0.000
'2009-09-25',18.257,0.000,18.157,0.000,78.900,0.000,12.016,0.000
'2009-09-26',16.910,0.000,16.823,0.000,77.806,0.000,11.133,0.000
'2009-09-27',15.596,0.000,15.510,0.000,76.492,0.000,10.265,0.000
'2009-09-28',14.370,0.000,14.291,0.000,75.401,0.000,9.457,0.000
'2009-09-29',13.241,0.000,13.167,0.000,74.478,0.000,8.714,0.000
'2009-09-30',12.200,0.000,12.132,0.000,73.298,0.000,8.029,0.000
'2009-10-01',11.321,0.000,11.264,0.000,72.043,0.000,7.454,0.000
'2009-10-02',11.729,0.000,11.761,0.000,72.342,0.000,7.784,0.000
'2009-10-03',13.875,0.000,14.022,0.000,74.165,0.000,9.279,0.000
'2009-10-04',15.228,0.000,15.312,0.000,75.197,0.000,10.133,0.000
'2009-10-05',14.213,0.000,14.136,0.000,74.462,0.000,9.355,0.000
'2009-10-06',13.097,0.000,13.025,0.000,73.445,0.000,8.619,0.000
'2009-10-07',12.441,0.000,12.400,0.000,72.979,0.000,8.206,0.000
'2009-10-08',12.322,0.000,12.316,0.000,72.853,0.000,8.151,0.000
'2009-10-09',11.411,0.000,11.348,0.000,71.812,0.000,7.510,0.000
'2009-10-10',10.547,0.000,10.491,0.000,70.524,0.000,6.943,0.000
'2009-10-11',10.600,0.000,10.608,0.000,70.490,0.000,7.020,0.000
'2009-10-12',10.413,0.000,10.400,0.000,70.425,0.000,6.882,0.000
'2009-10-13',13.476,0.000,13.690,0.000,73.662,0.000,9.060,0.000
'2009-10-14',15.102,0.000,15.201,0.000,75.166,0.000,10.059,0.000
'2009-10-15',18.477,0.000,18.706,0.000,78.379,0.000,12.379,0.000
'2009-10-16',17.331,0.000,17.235,0.000,77.804,0.000,11.406,0.000
'2009-10-17',16.528,0.000,16.479,0.000,77.458,0.000,10.905,0.000
'2009-10-18',15.983,0.000,15.948,0.000,77.084,0.000,10.554,0.000
'2009-10-19',16.347,0.000,16.374,0.000,77.445,0.000,10.836,0.000
'2009-10-20',16.356,0.000,16.355,0.000,77.678,0.000,10.824,0.000
'2009-10-21',15.217,0.000,15.137,0.000,77.113,0.000,10.018,0.000
'2009-10-22',14.151,0.000,14.082,0.000,76.314,0.000,9.319,0.000
'2009-10-23',13.078,0.000,13.008,0.000,75.349,0.000,8.609,0.000
'2009-10-24',45.300,30.039,17.512,0.000,93.699,11.285,11.589,0.000
'2009-10-25',40.180,18.005,21.661,0.000,92.915,6.764,14.335,0.000
'2009-10-26',32.454,6.467,25.485,0.000,91.771,2.429,16.865,0.000
'2009-10-27',28.358,0.000,28.108,0.000,90.967,0.000,18.601,0.000
'2009-10-28',26.097,0.000,25.957,0.000,89.479,0.000,17.178,0.000
'2009-10-29',24.330,0.000,24.216,0.000,88.361,0.000,16.026,0.000
'2009-10-30',28.390,0.842,27.839,0.000,90.750,0.316,18.423,0.000
'2009-10-31',27.138,0.000,27.030,0.000,90.427,0.000,17.888,0.000
'2009-11-01',26.536,0.000,26.502,0.000,90.521,0.000,17.538,0.000
'2009-11-02',37.430,8.247,29.944,0.000,94.933,3.098,19.817,0.000
'2009-11-03',38.400,5.298,33.116,0.000,95.896,1.990,21.916,0.000
'2009-11-04',34.605,0.000,34.339,0.000,95.434,0.000,22.725,0.000
'2009-11-05',40.507,3.771,37.166,0.000,97.852,1.417,24.596,0.000
'2009-11-06',54.787,15.982,39.770,0.000,102.254,6.004,26.319,0.000
'2009-11-07',48.871,6.222,42.170,0.000,101.659,2.337,27.907,0.000
'2009-11-08',44.145,0.000,43.849,0.000,101.271,0.000,29.018,0.000
'2009-11-09',41.059,0.000,40.865,0.000,100.311,0.000,27.044,0.000
'2009-11-10',45.508,2.653,43.178,0.000,101.193,0.997,28.575,0.000
'2009-11-11',45.658,0.336,45.310,0.000,101.281,0.126,29.985,0.000
'2009-11-12',61.896,15.755,47.274,0.000,105.073,5.919,31.285,0.000
'2009-11-13',58.411,9.006,49.083,0.000,104.894,3.383,32.482,0.000
'2009-11-14',50.938,0.000,50.439,0.000,104.076,0.000,33.380,0.000
'2009-11-15',46.862,0.000,46.613,0.000,102.755,0.000,30.847,0.000
'2009-11-16',45.276,0.000,45.183,0.000,102.005,0.000,29.901,0.000
'2009-11-17',47.474,0.476,47.157,0.000,102.829,0.179,31.208,0.000
'2009-11-18',46.680,0.000,46.613,0.000,102.688,0.000,30.848,0.000
'2009-11-19',43.206,0.000,42.969,0.000,101.694,0.000,28.436,0.000
'2009-11-20',40.025,0.000,39.820,0.000,100.473,0.000,26.352,0.000
'2009-11-21',36.999,0.000,36.802,0.000,99.145,0.000,24.355,0.000
'2009-11-22',34.697,0.000,34.550,0.000,98.208,0.000,22.865,0.000
'2009-11-23',32.017,0.000,31.840,0.000,97.070,0.000,21.071,0.000
'2009-11-24',30.502,0.000,30.408,0.000,95.997,0.000,20.124,0.000
'2009-11-25',28.220,0.000,28.068,0.000,94.659,0.000,18.575,0.000
'2009-11-26',26.167,0.000,26.034,0.000,93.623,0.000,17.229,0.000
'2009-11-27',26.106,0.000,26.111,0.000,93.490,0.000,17.280,0.000
'2009-11-28',25.820,0.000,25.800,0.000,93.376,0.000,17.074,0.000
'2009-11-29',24.131,0.000,24.015,0.000,92.645,0.000,15.893,0.000
'2009-11-30',22.278,0.000,22.157,0.000,91.827,0.000,14.663,0.000
'2009-12-01',21.531,0.000,21.488,0.000,91.343,0.000,14.220,0.000
'2009-12-02',19.914,0.000,19.804,0.000,89.715,0.000,13.106,0.000
'2009-12-03',18.349,0.000,18.247,0.000,88.242,0.000,12.076,0.000
'2009-12-04',17.039,0.000,16.954,0.000,87.014,0.000,11.220,0.000
'2009-12-05',15.781,0.000,15.699,0.000,85.318,0.000,10.390,0.000
'2009-12-06',15.722,0.000,15.724,0.000,84.951,0.000,10.406,0.000
'2009-12-07',14.619,0.000,14.542,0.000,84.078,0.000,9.623,0.000
'2009-12-08',14.253,0.000,14.233,0.000,83.438,0.000,9.419,0.000
'2009-12-09',13.217,0.000,13.146,0.000,82.225,0.000,8.700,0.000
'2009-12-10',12.189,0.000,12.123,0.000,81.159,0.000,8.023,0.000
'2009-12-11',11.423,0.000,11.375,0.000,80.406,0.000,7.528,0.000
'2009-12-12',10.591,0.000,10.536,0.000,79.495,0.000,6.973,0.000
'2009-12-13',9.766,0.000,9.713,0.000,78.479,0.000,6.428,0.000
'2009-12-14',9.017,0.000,8.969,0.000,77.254,0.000,5.935,0.000
'2009-12-15',8.422,0.000,8.384,0.000,75.916,0.000,5.549,0.000
'2009-12-16',7.817,0.000,7.777,0.000,74.838,0.000,5.147,0.000
'2009-12-17',7.353,0.000,7.323,0.000,73.851,0.000,4.847,0.000
'2009-12-18',18.143,6.623,12.274,0.000,81.165,2.488,8.123,0.000
'2009-12-19',36.386,20.769,16.835,0.000,90.728,7.802,11.141,0.000
'2009-12-20',30.984,9.485,21.038,0.000,90.077,3.563,13.923,0.000
'2009-12-21',32.185,7.391,24.910,0.000,91.607,2.776,16.485,0.000
'2009-12-22',27.230,0.000,26.877,0.000,90.851,0.000,17.786,0.000
'2009-12-23',25.072,0.000,24.946,0.000,90.057,0.000,16.509,0.000
'2009-12-24',23.216,0.000,23.095,0.000,89.121,0.000,15.284,0.000
'2009-12-25',38.922,13.219,26.806,0.000,95.277,4.966,17.740,0.000
'2009-12-26',47.897,18.221,30.225,0.000,98.134,6.845,20.002,0.000
'2009-12-27',54.907,21.983,33.375,0.000,100.624,8.258,22.087,0.000
'2009-12-28',46.860,9.991,36.277,0.000,99.876,3.753,24.007,0.000
'2009-12-29',39.351,0.000,38.868,0.000,98.755,0.000,25.722,0.000
'2009-12-30',36.024,0.000,35.825,0.000,97.544,0.000,23.709,0.000
'2009-12-31',33.444,0.000,33.278,0.000,96.272,0.000,22.023,0.000
'2010-01-01',31.275,0.000,31.135,0.000,94.756,0.000,20.605,0.000
'2010-01-02',29.119,0.000,28.978,0.000,93.350,0.000,19.177,0.000
'2010-01-03',26.922,0.000,26.779,0.000,91.592,0.000,17.722,0.000
'2010-01-04',24.816,0.000,24.680,0.000,89.881,0.000,16.332,0.000
'2010-01-05',23.126,0.000,23.018,0.000,88.297,0.000,15.233,0.000
'2010-01-06',21.369,0.000,21.254,0.000,86.798,0.000,14.065,0.000
'2010-01-07',19.697,0.000,19.588,0.000,85.656,0.000,12.963,0.000
'2010-01-08',18.184,0.000,18.086,0.000,84.404,0.000,11.969,0.000
'2010-01-09',16.772,0.000,16.681,0.000,83.092,0.000,11.039,0.000
'2010-01-10',16.179,0.000,16.145,0.000,82.581,0.000,10.684,0.000
'2010-01-11',15.379,0.000,15.325,0.000,82.013,0.000,10.142,0.000
'2010-01-12',14.204,0.000,14.126,0.000,81.059,0.000,9.348,0.000
'2010-01-13',13.532,0.000,13.491,0.000,80.192,0.000,8.928,0.000
'2010-01-14',12.726,0.000,12.673,0.000,79.012,0.000,8.387,0.000
'2010-01-15',11.792,0.000,11.731,0.000,77.472,0.000,7.763,0.000
'2010-01-16',10.869,0.000,10.809,0.000,76.263,0.000,7.153,0.000
'2010-01-17',10.045,0.000,9.992,0.000,75.206,0.000,6.613,0.000
'2010-01-18',9.393,0.000,9.351,0.000,74.303,0.000,6.189,0.000
'2010-01-19',8.681,0.000,8.635,0.000,73.050,0.000,5.714,0.000
'2010-01-20',8.067,0.000,8.028,0.000,72.047,0.000,5.313,0.000
'2010-01-21',7.620,0.000,7.592,0.000,70.866,0.000,5.024,0.000
'2010-01-22',7.781,0.000,7.794,0.000,70.133,0.000,5.158,0.000
'2010-01-23',8.597,0.000,8.652,0.000,70.409,0.000,5.726,0.000
'2010-01-24',10.007,0.000,10.101,0.000,71.671,0.000,6.685,0.000
'2010-01-25',10.244,0.000,10.254,0.000,71.790,0.000,6.786,0.000
'2010-01-26',9.661,0.000,9.620,0.000,70.911,0.000,6.366,0.000
'2010-01-27',10.376,0.000,10.429,0.000,71.496,0.000,6.901,0.000
'2010-01-28',13.586,0.000,13.807,0.000,74.144,0.000,9.137,0.000
'2010-01-29',12.916,0.000,12.854,0.000,73.259,0.000,8.507,0.000
'2010-01-30',11.922,0.000,11.857,0.000,71.915,0.000,7.847,0.000
'2010-01-31',10.994,0.000,10.934,0.000,70.898,0.000,7.236,0.000
'2010-02-01',10.159,0.000,10.105,0.000,69.497,0.000,6.687,0.000
'2010-02-02',9.382,0.000,9.331,0.000,68.478,0.000,6.175,0.000
'2010-02-03',8.661,0.000,8.614,0.000,67.415,0.000,5.701,0.000
'2010-02-04',7.985,0.000,7.941,0.000,66.299,0.000,5.255,0.000
'2010-02-05',7.537,0.000,7.509,0.000,65.361,0.000,4.969,0.000
'2010-02-06',9.150,0.000,9.264,0.000,67.188,0.000,6.131,0.000
'2010-02-07',8.766,0.000,8.731,0.000,66.954,0.000,5.778,0.000
'2010-02-08',8.158,0.000,8.118,0.000,66.166,0.000,5.372,0.000
'2010-02-09',9.620,0.000,9.725,0.000,67.697,0.000,6.436,0.000
'2010-02-10',9.171,0.000,9.133,0.000,67.155,0.000,6.044,0.000
'2010-02-11',8.549,0.000,8.508,0.000,66.287,0.000,5.631,0.000
'2010-02-12',7.883,0.000,7.839,0.000,65.169,0.000,5.188,0.000
'2010-02-13',7.296,0.000,7.258,0.000,63.891,0.000,4.803,0.000
'2010-02-14',8.997,0.000,9.118,0.000,65.659,0.000,6.034,0.000
'2010-02-15',8.452,0.000,8.405,0.000,64.661,0.000,5.563,0.000
'2010-02-16',7.846,0.000,7.807,0.000,63.751,0.000,5.166,0.000
'2010-02-17',7.261,0.000,7.223,0.000,63.090,0.000,4.780,0.000
'2010-02-18',6.703,0.000,6.667,0.000,61.932,0.000,4.412,0.000
'2010-02-19',6.218,0.000,6.187,0.000,60.723,0.000,4.094,0.000
'2010-02-20',5.867,0.000,5.844,0.000,60.104,0.000,3.868,0.000
'2010-02-21',6.621,0.000,6.675,0.000,60.831,0.000,4.417,0.000
'2010-02-22',6.545,0.000,6.536,0.000,60.493,0.000,4.325,0.000
'2010-02-23',16.790,5.957,11.548,0.000,71.024,2.238,7.642,0.000
'2010-02-24',15.120,0.000,14.954,0.000,71.345,0.000,9.896,0.000
'2010-02-25',18.751,0.000,19.016,0.000,75.290,0.000,12.584,0.000
'2010-02-26',24.881,2.242,23.047,0.000,80.110,0.842,15.252,0.000
'2010-02-27',22.737,0.000,22.559,0.000,78.912,0.000,14.929,0.000
'2010-02-28',20.924,0.000,20.810,0.000,77.220,0.000,13.772,0.000
'2010-03-01',19.294,0.000,19.189,0.000,76.077,0.000,12.699,0.000
'2010-03-02',18.832,0.000,18.807,0.000,75.805,0.000,12.446,0.000
'2010-03-03',18.320,0.000,18.286,0.000,75.568,0.000,12.101,0.000
'2010-03-04',16.946,0.000,16.853,0.000,74.558,0.000,11.153,0.000
'2010-03-05',15.619,0.000,15.533,0.000,73.446,0.000,10.279,0.000
'2010-03-06',17.479,0.000,17.615,0.000,75.284,0.000,11.657,0.000
'2010-03-07',16.924,0.000,16.875,0.000,74.526,0.000,11.168,0.000
'2010-03-08',15.868,0.000,15.798,0.000,73.327,0.000,10.455,0.000
'2010-03-09',15.399,0.000,15.371,0.000,73.031,0.000,10.172,0.000
'2010-03-10',21.198,1.915,19.689,0.000,77.901,0.719,13.030,0.000
'2010-03-11',25.495,2.099,23.667,0.000,81.033,0.788,15.663,0.000
'2010-03-12',23.119,0.000,22.935,0.000,79.849,0.000,15.178,0.000
'2010-03-13',21.334,0.000,21.222,0.000,78.695,0.000,14.044,0.000
'2010-03-14',25.231,0.431,25.080,0.000,81.775,0.162,16.597,0.000
'2010-03-15',23.504,0.000,23.364,0.000,80.061,0.000,15.462,0.000
'2010-03-16',21.774,0.000,21.664,0.000,78.621,0.000,14.337,0.000
'2010-03-17',21.436,0.000,21.420,0.000,78.356,0.000,14.175,0.000
'2010-03-18',20.768,0.000,20.723,0.000,78.312,0.000,13.714,0.000
'2010-03-19',19.232,0.000,19.128,0.000,77.449,0.000,12.658,0.000
'2010-03-20',18.555,0.000,18.515,0.000,77.026,0.000,12.253,0.000
'2010-03-21',17.154,0.000,17.059,0.000,75.854,0.000,11.289,0.000
'2010-03-22',16.670,0.000,16.643,0.000,75.488,0.000,11.014,0.000
'2010-03-23',16.236,0.000,16.207,0.000,75.144,0.000,10.726,0.000
'2010-03-24',15.923,0.000,15.904,0.000,74.727,0.000,10.525,0.000
'2010-03-25',14.761,0.000,14.681,0.000,72.897,0.000,9.716,0.000
'2010-03-26',14.388,0.000,14.368,0.000,72.563,0.000,9.508,0.000
'2010-03-27',13.324,0.000,13.251,0.000,71.817,0.000,8.769,0.000
'2010-03-28',12.310,0.000,12.245,0.000,70.554,0.000,8.103,0.000
'2010-03-29',11.793,0.000,11.762,0.000,70.003,0.000,7.784,0.000
'2010-03-30',14.334,0.000,14.513,0.000,72.520,0.000,9.604,0.000
'2010-03-31',13.634,0.000,13.573,0.000,71.818,0.000,8.982,0.000
'2010-04-01',12.968,0.000,12.925,0.000,71.138,0.000,8.554,0.000
'2010-04-02',13.069,0.000,13.079,0.000,71.081,0.000,8.655,0.000
'2010-04-03',13.821,0.000,13.873,0.000,71.838,0.000,9.181,0.000
'2010-04-04',13.464,0.000,13.436,0.000,71.799,0.000,8.892,0.000
'2010-04-05',24.856,7.747,17.906,0.000,80.088,2.910,11.850,0.000
'2010-04-06',29.914,8.186,22.024,0.000,83.633,3.075,14.575,0.000
'2010-04-07',40.273,15.155,25.819,0.000,89.259,5.693,17.087,0.000
'2010-04-08',63.340,35.583,29.315,0.000,98.079,13.368,19.400,0.000
'2010-04-09',67.239,34.865,32.537,0.000,100.086,13.098,21.532,0.000
'2010-04-10',58.010,21.850,35.505,0.000,99.230,8.208,23.497,0.000
'2010-04-11',85.563,49.289,38.240,0.000,107.158,18.516,25.306,0.000
'2010-04-12',79.055,37.705,40.760,0.000,106.848,14.165,26.974,0.000
'2010-04-13',74.026,30.635,43.082,0.000,106.890,11.509,28.511,0.000
'2010-04-14',84.229,39.741,45.221,0.000,109.336,14.929,29.926,0.000
'2010-04-15',76.914,29.162,47.192,0.000,108.839,10.955,31.231,0.000
'2010-04-16',75.644,26.586,49.008,0.000,109.320,9.988,32.432,0.000
'2010-04-17',67.053,15.777,50.681,0.000,108.407,5.927,33.540,0.000
'2010-04-18',57.862,5.040,52.223,0.000,106.763,1.893,34.560,0.000
'2010-04-19',72.648,20.077,53.643,0.000,109.597,7.542,35.500,0.000
'2010-04-20',64.100,8.477,54.952,0.000,108.284,3.185,36.366,0.000
