date,Qsim,Quz,Qlz,SP,SM,UZ,LZ,WC
'2009-01-01',25.154,43.332,6.446,0.000,10.000,10.000,10.000,0.000
'2009-01-02',43.951,29.785,8.461,0.000,9.972,5.192,12.649,0.000
'2009-01-03',28.599,8.987,10.168,0.000,11.534,1.567,15.201,0.000
'2009-01-04',14.938,0.000,10.809,0.000,11.808,0.000,16.159,0.000
'2009-01-05',10.613,0.000,10.421,0.000,12.939,0.000,15.579,0.000
'2009-01-06',10.270,0.000,10.123,0.000,28.880,0.000,15.133,0.000
'2009-01-07',10.033,0.000,9.944,0.000,40.133,0.000,14.865,0.000
'2009-01-08',9.857,0.000,9.771,0.000,46.919,0.000,14.607,0.000
'2009-01-09',9.645,0.000,9.522,0.000,49.834,0.000,14.235,0.000
'2009-01-10',9.370,0.000,9.221,0.000,50.837,0.000,13.784,0.000
'2009-01-11',9.073,0.000,8.928,0.000,51.737,0.000,13.347,0.000
'2009-01-12',8.773,0.000,8.622,0.000,51.998,0.000,12.889,0.000
'2009-01-13',8.533,0.000,8.445,0.000,55.163,0.000,12.625,0.000
'2009-01-14',8.295,0.000,8.148,0.000,55.232,0.000,12.181,0.000
'2009-01-15',8.031,0.000,7.917,0.000,56.512,0.000,11.835,0.000
'2009-01-16',7.837,0.000,7.760,0.000,59.220,0.000,11.600,0.000
'2009-01-17',7.917,0.000,8.071,0.000,70.985,0.000,12.065,0.000
'2009-01-18',8.056,0.000,8.041,0.000,74.822,0.000,12.020,0.000
'2009-01-19',8.257,0.000,8.469,0.000,84.520,0.000,12.661,0.000
'2009-01-20',8.391,0.000,8.314,0.000,86.088,0.000,12.428,0.000
'2009-01-21',8.167,0.000,8.023,0.000,85.923,0.000,11.993,0.000
'2009-01-22',7.893,0.000,7.767,0.000,86.110,0.000,11.611,0.000
'2009-01-23',12.225,7.089,9.500,0.000,119.338,1.236,14.201,0.000
'2009-01-24',13.293,0.000,10.066,0.000,119.721,0.000,15.048,0.000
'2009-01-25',9.932,0.000,9.801,0.000,119.936,0.000,14.652,0.000
'2009-01-26',9.630,0.000,9.462,0.000,119.499,0.000,14.145,0.000
'2009-01-27',9.315,0.000,9.172,0.000,119.302,0.000,13.711,0.000
'2009-01-28',9.233,0.000,9.294,0.000,121.604,0.000,13.894,0.000
'2009-01-29',9.372,0.000,9.448,0.000,123.962,0.000,14.124,0.000
'2009-01-30',19.439,18.101,11.119,0.000,150.767,3.155,16.622,0.000
'2009-01-31',24.565,7.277,12.729,0.000,154.495,1.268,19.029,0.000
'2009-02-01',34.821,35.042,14.281,0.000,178.241,6.108,21.349,0.000
'2009-02-02',39.261,13.635,15.777,0.000,177.844,2.377,23.585,0.000
'2009-02-03',23.030,0.000,16.784,0.000,177.136,0.000,25.090,0.000
'2009-02-04',16.900,0.000,17.013,0.000,178.311,0.000,25.433,0.000
'2009-02-05',16.736,0.000,16.465,0.000,177.537,0.000,24.614,0.000
'2009-02-06',16.917,0.000,17.359,0.000,180.755,0.000,25.951,0.000
'2009-02-07',17.279,0.000,17.200,0.000,181.291,0.000,25.713,0.000
'2009-02-08',17.141,0.000,17.083,0.000,181.899,0.000,25.537,0.000
'2009-02-09',16.831,0.000,16.585,0.000,181.557,0.000,24.793,0.000
'2009-02-10',17.147,0.000,17.697,0.000,185.186,0.000,26.456,0.000
'2009-02-11',17.476,0.000,17.260,0.000,184.925,0.000,25.803,0.000
'2009-02-12',19.931,3.899,18.647,0.000,190.891,0.680,27.876,0.000
'2009-02-13',20.603,0.000,18.702,0.000,190.845,0.000,27.957,0.000
'2009-02-14',23.570,8.300,20.036,0.000,197.919,1.447,29.952,0.000
'2009-02-15',24.687,0.000,21.115,0.000,199.362,0.000,31.565,0.000
'2009-02-16',21.057,0.000,21.000,0.000,200.233,0.000,31.393,0.000
'2009-02-17',20.703,0.000,20.412,0.000,200.016,0.000,30.514,0.000
'2009-02-18',20.056,0.000,19.708,0.000,199.110,0.000,29.462,0.000
'2009-02-19',19.940,0.000,20.168,0.000,200.489,0.000,30.149,0.000
'2009-02-20',19.919,0.000,19.675,0.000,200.410,0.000,29.413,0.000
'2009-02-21',19.660,0.000,19.646,0.000,201.062,0.000,29.369,0.000
'2009-02-22',19.370,0.000,19.100,0.000,200.428,0.000,28.552,0.000
'2009-02-23',18.812,0.000,18.531,0.000,199.830,0.000,27.702,0.000
'2009-02-24',23.145,7.791,19.871,0.000,205.321,1.358,29.706,0.000
'2009-02-25',24.210,0.000,20.831,0.000,206.112,0.000,31.140,0.000
'2009-02-26',20.521,0.000,20.218,0.000,205.800,0.000,30.225,0.000
'2009-02-27',20.281,0.000,20.342,0.000,206.707,0.000,30.410,0.000
'2009-02-28',20.153,0.000,19.968,0.000,206.642,0.000,29.851,0.000
'2009-03-01',19.797,0.000,19.628,0.000,206.244,0.000,29.343,0.000
'2009-03-02',19.430,0.000,19.236,0.000,205.890,0.000,28.756,0.000
'2009-03-03',26.794,13.643,20.551,0.000,213.060,2.378,30.721,0.000
'2009-03-04',30.508,5.083,21.818,0.000,214.689,0.886,32.616,0.000
'2009-03-05',24.245,0.000,21.644,0.000,214.068,0.000,32.356,0.000
'2009-03-06',21.346,0.000,21.054,0.000,213.077,0.000,31.474,0.000
'2009-03-07',21.083,0.000,21.112,0.000,213.474,0.000,31.561,0.000
'2009-03-08',20.730,0.000,20.356,0.000,212.147,0.000,30.431,0.000
'2009-03-09',20.339,0.000,20.322,0.000,212.398,0.000,30.380,0.000
'2009-03-10',20.001,0.000,19.686,0.000,211.426,0.000,29.429,0.000
'2009-03-11',19.370,0.000,19.060,0.000,210.453,0.000,28.494,0.000
'2009-03-12',19.408,0.000,19.748,0.000,212.129,0.000,29.522,0.000
'2009-03-13',20.249,0.000,20.738,0.000,214.456,0.000,31.002,0.000
'2009-03-14',20.516,0.000,20.299,0.000,214.623,0.000,30.346,0.000
'2009-03-15',26.897,11.781,21.575,0.000,220.153,2.053,32.254,0.000
'2009-03-16',33.584,11.002,22.805,0.000,222.946,1.918,34.092,0.000
'2009-03-17',28.741,0.000,23.781,0.000,223.045,0.000,35.551,0.000
'2009-03-18',25.032,1.325,24.931,0.000,225.940,0.231,37.269,0.000
'2009-03-19',30.312,8.244,26.038,0.000,229.966,1.437,38.925,0.000
'2009-03-20',30.227,0.000,26.257,0.000,229.886,0.000,39.252,0.000
'2009-03-21',34.060,14.384,27.316,0.000,234.714,2.507,40.835,0.000
'2009-03-22',36.890,3.844,28.337,0.000,235.191,0.670,42.361,0.000
'2009-03-23',39.612,17.567,29.321,0.000,240.050,3.062,43.832,0.000
'2009-03-24',39.278,1.561,30.269,0.000,239.593,0.272,45.249,0.000
'2009-03-25',39.923,16.665,31.182,0.000,244.170,2.905,46.614,0.000
'2009-03-26',49.537,19.130,32.062,0.000,246.606,3.334,47.930,0.000
'2009-03-27',64.763,45.138,32.910,0.000,253.318,7.868,49.198,0.000
'2009-03-28',100.905,89.554,33.727,0.000,263.317,15.610,50.420,0.000
'2009-03-29',141.112,124.052,34.515,0.000,271.919,21.623,51.597,0.000
'2009-03-30',139.175,84.916,35.274,0.000,271.295,14.801,52.731,0.000
'2009-03-31',129.190,101.995,36.005,0.000,276.156,17.778,53.824,0.000
'2009-04-01',134.851,95.059,36.709,0.000,278.944,16.569,54.878,0.000
'2009-04-02',149.082,128.642,37.388,0.000,285.400,22.423,55.893,0.000
'2009-04-03',144.726,85.827,38.043,0.000,284.418,14.960,56.871,0.000
'2009-04-04',107.476,52.755,38.673,0.000,283.559,9.195,57.813,0.000
'2009-04-05',78.429,26.424,39.281,0.000,281.882,4.606,58.721,0.000
'2009-04-06',55.934,6.504,39.866,0.000,280.130,1.134,59.596,0.000
'2009-04-07',42.939,0.000,39.580,0.000,278.938,0.000,59.169,0.000
'2009-04-08',70.337,60.293,40.154,0.000,285.745,10.509,60.027,0.000
'2009-04-09',86.858,32.846,40.708,0.000,285.441,5.725,60.855,0.000
'2009-04-10',70.290,25.853,41.241,0.000,285.462,4.506,61.652,0.000
'2009-04-11',103.854,98.085,41.755,0.000,292.770,17.097,62.421,0.000
'2009-04-12',163.015,143.453,42.250,0.000,298.167,25.004,63.161,0.000
'2009-04-13',161.854,95.779,42.728,0.000,296.814,16.695,63.874,0.000
'2009-04-14',122.281,63.208,43.188,0.000,296.034,11.018,64.562,0.000
'2009-04-15',117.676,85.089,43.631,0.000,298.917,14.831,65.224,0.000
'2009-04-16',111.637,50.856,44.058,0.000,296.884,8.864,65.863,0.000
'2009-04-17',82.089,25.065,44.469,0.000,295.406,4.369,66.478,0.000
'2009-04-18',59.874,5.551,44.866,0.000,294.036,0.968,67.070,0.000
'2009-04-19',47.193,0.000,44.038,0.000,292.552,0.000,65.833,0.000
'2009-04-20',43.233,0.000,42.444,0.000,290.862,0.000,63.451,0.000
'2009-04-21',42.191,0.000,41.942,0.000,289.899,0.000,62.701,0.000
'2009-04-22',41.171,0.000,40.416,0.000,289.041,0.000,60.418,0.000
'2009-04-23',39.726,0.000,39.050,0.000,287.555,0.000,58.376,0.000
'2009-04-24',61.284,43.407,39.644,0.000,291.121,7.566,59.264,0.000
'2009-04-25',71.373,19.726,40.216,0.000,289.589,3.438,60.119,0.000
'2009-04-26',51.555,2.577,40.767,0.000,288.327,0.449,60.944,0.000
'2009-04-27',41.446,0.000,39.587,0.000,287.217,0.000,59.179,0.000
'2009-04-28',38.895,0.000,38.217,0.000,285.434,0.000,57.132,0.000
'2009-04-29',37.726,0.000,37.244,0.000,284.487,0.000,55.677,0.000
'2009-04-30',63.860,52.013,37.904,0.000,290.058,9.066,56.663,0.000
'2009-05-01',77.141,26.094,38.539,0.000,289.279,4.548,57.613,0.000
'2009-05-02',103.072,101.551,39.151,0.000,296.296,17.701,58.528,0.000
'2009-05-03',178.241,175.248,39.742,0.000,303.691,30.546,59.410,0.000
'2009-05-04',191.776,128.740,40.310,0.000,303.466,22.440,60.260,0.000
'2009-05-05',147.976,86.488,40.858,0.000,302.526,15.075,61.079,0.000
'2009-05-06',120.305,72.027,41.386,0.000,302.535,12.555,61.869,0.000
'2009-05-07',115.708,76.061,41.895,0.000,303.613,13.258,62.629,0.000
'2009-05-08',111.226,62.254,42.385,0.000,303.693,10.851,63.362,0.000
'2009-05-09',90.718,34.234,42.857,0.000,302.514,5.967,64.068,0.000
'2009-05-10',66.416,12.654,43.312,0.000,300.618,2.206,64.748,0.000
'2009-05-11',49.732,0.000,43.629,0.000,298.385,0.000,65.221,0.000
'2009-05-12',43.140,0.000,42.662,0.000,297.100,0.000,63.776,0.000
'2009-05-13',59.484,32.827,43.124,0.000,299.260,5.722,64.467,0.000
'2009-05-14',65.443,11.586,43.570,0.000,298.152,2.019,65.133,0.000
'2009-05-15',49.180,0.000,43.331,0.000,296.615,0.000,64.776,0.000
'2009-05-16',42.815,0.000,42.310,0.000,295.718,0.000,63.250,0.000
'2009-05-17',46.308,7.438,42.785,0.000,295.857,1.296,63.960,0.000
'2009-05-18',46.275,0.000,42.410,0.000,294.672,0.000,63.399,0.000
'2009-05-19',41.762,0.000,41.127,0.000,293.520,0.000,61.481,0.000
'2009-05-20',40.370,0.000,39.630,0.000,292.251,0.000,59.243,0.000
'2009-05-21',38.901,0.000,38.187,0.000,291.217,0.000,57.087,0.000
'2009-05-22',37.485,0.000,36.797,0.000,290.175,0.000,55.009,0.000
'2009-05-23',36.121,0.000,35.458,0.000,288.733,0.000,53.007,0.000
'2009-05-24',34.811,0.000,34.177,0.000,287.373,0.000,51.092,0.000
'2009-05-25',36.166,3.166,34.948,0.000,287.582,0.552,52.244,0.000
'2009-05-26',36.070,0.000,34.070,0.000,286.135,0.000,50.931,0.000
'2009-05-27',33.457,0.000,32.858,0.000,284.359,0.000,49.120,0.000
'2009-05-28',35.536,4.481,33.677,0.000,284.515,0.781,50.344,0.000
'2009-05-29',35.763,0.000,33.417,0.000,283.787,0.000,49.956,0.000
'2009-05-30',35.109,2.549,34.216,0.000,284.802,0.444,51.150,0.000
'2009-05-31',35.085,0.000,33.440,0.000,283.523,0.000,49.990,0.000
'2009-06-01',32.827,0.000,32.227,0.000,281.838,0.000,48.177,0.000
'2009-06-02',31.634,0.000,31.054,0.000,279.339,0.000,46.423,0.000
'2009-06-03',30.483,0.000,29.924,0.000,277.454,0.000,44.734,0.000
'2009-06-04',29.373,0.000,28.835,0.000,275.856,0.000,43.105,0.000
'2009-06-05',28.778,0.000,28.724,0.000,275.747,0.000,42.939,0.000
'2009-06-06',28.243,0.000,27.772,0.000,274.973,0.000,41.517,0.000
'2009-06-07',27.371,0.000,26.979,0.000,274.425,0.000,40.331,0.000
'2009-06-08',54.348,53.129,28.012,0.000,280.712,9.261,41.876,0.000
'2009-06-09',68.743,27.598,29.008,0.000,279.803,4.810,43.364,0.000
'2009-06-10',55.978,25.397,29.967,0.000,280.501,4.427,44.798,0.000
'2009-06-11',78.282,69.828,30.891,0.000,285.982,12.171,46.180,0.000
'2009-06-12',118.960,105.036,31.782,0.000,290.343,18.308,47.511,0.000
'2009-06-13',121.296,73.460,32.640,0.000,290.299,12.804,48.794,0.000
'2009-06-14',90.606,41.970,33.467,0.000,289.456,7.316,50.031,0.000
'2009-06-15',70.971,32.335,34.264,0.000,289.338,5.636,51.222,0.000
'2009-06-16',70.501,39.289,35.032,0.000,290.711,6.848,52.370,0.000
'2009-06-17',63.057,16.257,35.772,0.000,289.818,2.834,53.476,0.000
'2009-06-18',44.097,0.000,36.330,0.000,288.368,0.000,54.311,0.000
'2009-06-19',35.684,0.000,35.051,0.000,286.836,0.000,52.398,0.000
'2009-06-20',35.603,0.353,35.790,0.000,286.635,0.062,53.503,0.000
'2009-06-21',35.348,0.000,34.570,0.000,285.205,0.000,51.679,0.000
'2009-06-22',82.637,94.367,35.326,0.000,294.395,16.449,52.810,0.000
'2009-06-23',117.491,69.490,36.056,0.000,294.616,12.112,53.900,0.000
'2009-06-24',90.513,39.038,36.758,0.000,293.294,6.805,54.951,0.000
'2009-06-25',69.946,26.782,37.436,0.000,293.043,4.668,55.963,0.000
'2009-06-26',54.390,6.682,38.088,0.000,291.987,1.165,56.939,0.000
'2009-06-27',41.072,0.000,37.452,0.000,290.960,0.000,55.988,0.000
'2009-06-28',36.763,0.000,36.089,0.000,290.132,0.000,53.950,0.000
'2009-06-29',35.462,0.000,34.848,0.000,289.006,0.000,52.094,0.000
'2009-06-30',34.415,0.000,33.991,0.000,288.428,0.000,50.813,0.000
'2009-07-01',36.288,3.769,34.768,0.000,288.894,0.657,51.976,0.000
'2009-07-02',36.548,0.000,34.600,0.000,288.022,0.000,51.725,0.000
'2009-07-03',34.221,0.000,33.850,0.000,287.168,0.000,50.604,0.000
'2009-07-04',33.403,0.000,32.964,0.000,286.376,0.000,49.279,0.000
'2009-07-05',32.360,0.000,31.769,0.000,285.351,0.000,47.492,0.000
'2009-07-06',31.332,0.000,30.904,0.000,283.607,0.000,46.199,0.000
'2009-07-07',30.335,0.000,29.779,0.000,282.501,0.000,44.517,0.000
'2009-07-08',47.502,34.143,30.710,0.000,285.552,5.951,45.909,0.000
'2009-07-09',54.351,12.462,31.607,0.000,284.208,2.172,47.251,0.000
'2009-07-10',37.898,0.000,31.857,0.000,283.097,0.000,47.624,0.000
'2009-07-11',31.367,0.000,30.888,0.000,282.193,0.000,46.175,0.000
'2009-07-12',30.334,0.000,29.791,0.000,280.777,0.000,44.535,0.000
'2009-07-13',29.405,0.000,29.028,0.000,279.583,0.000,43.394,0.000
'2009-07-14',28.496,0.000,27.976,0.000,278.321,0.000,41.822,0.000
'2009-07-15',27.631,0.000,27.293,0.000,277.314,0.000,40.800,0.000
'2009-07-16',26.791,0.000,26.299,0.000,275.926,0.000,39.315,0.000
'2009-07-17',25.847,0.000,25.404,0.000,274.568,0.000,37.978,0.000
'2009-07-18',25.004,0.000,24.613,0.000,273.168,0.000,36.794,0.000
'2009-07-19',24.160,0.000,23.717,0.000,271.942,0.000,35.455,0.000
'2009-07-20',23.374,0.000,23.037,0.000,271.152,0.000,34.439,0.000
'2009-07-21',22.713,0.000,22.395,0.000,270.376,0.000,33.479,0.000
'2009-07-22',37.270,28.237,23.595,0.000,274.150,4.922,35.273,0.000
'2009-07-23',42.982,9.567,24.751,0.000,273.373,1.668,37.001,0.000
'2009-07-24',29.572,0.000,24.925,0.000,271.940,0.000,37.261,0.000
'2009-07-25',24.467,0.000,24.018,0.000,270.528,0.000,35.905,0.000
'2009-07-26',23.576,0.000,23.144,0.000,268.966,0.000,34.598,0.000
'2009-07-27',22.718,0.000,22.301,0.000,267.280,0.000,33.339,0.000
'2009-07-28',21.895,0.000,21.498,0.000,265.874,0.000,32.138,0.000
'2009-07-29',21.105,0.000,20.720,0.000,264.261,0.000,30.974,0.000
'2009-07-30',20.339,0.000,19.966,0.000,263.498,0.000,29.847,0.000
'2009-07-31',19.598,0.000,19.239,0.000,261.960,0.000,28.761,0.000
'2009-08-01',18.887,0.000,18.543,0.000,260.817,0.000,27.720,0.000
'2009-08-02',18.202,0.000,17.868,0.000,259.196,0.000,26.711,0.000
'2009-08-03',17.541,0.000,17.221,0.000,257.695,0.000,25.745,0.000
'2009-08-04',16.905,0.000,16.595,0.000,256.399,0.000,24.808,0.000
'2009-08-05',16.291,0.000,15.995,0.000,255.265,0.000,23.911,0.000
'2009-08-06',15.952,0.000,15.911,0.000,254.418,0.000,23.786,0.000
'2009-08-07',15.789,0.000,15.670,0.000,254.043,0.000,23.425,0.000
'2009-08-08',15.758,0.000,15.844,0.000,253.976,0.000,23.686,0.000
'2009-08-09',15.645,0.000,15.450,0.000,253.273,0.000,23.096,0.000
'2009-08-10',15.170,0.000,14.895,0.000,252.100,0.000,22.267,0.000
'2009-08-11',14.754,0.000,14.616,0.000,250.790,0.000,21.849,0.000
'2009-08-12',14.347,0.000,14.084,0.000,249.705,0.000,21.054,0.000
'2009-08-13',14.065,0.000,14.046,0.000,248.755,0.000,20.998,0.000
'2009-08-14',22.870,15.958,15.550,0.000,252.607,2.782,23.246,0.000
'2009-08-15',24.072,0.000,16.793,0.000,251.338,0.000,25.104,0.000
'2009-08-16',17.348,0.000,17.891,0.000,251.862,0.000,26.745,0.000
'2009-08-17',18.212,0.000,18.527,0.000,252.337,0.000,27.696,0.000
'2009-08-18',18.248,0.000,17.974,0.000,251.427,0.000,26.870,0.000
'2009-08-19',17.943,0.000,17.913,0.000,250.857,0.000,26.779,0.000
'2009-08-20',17.674,0.000,17.440,0.000,250.218,0.000,26.072,0.000
'2009-08-21',17.981,0.000,18.511,0.000,251.215,0.000,27.672,0.000
'2009-08-22',18.180,0.000,17.857,0.000,250.319,0.000,26.694,0.000
'2009-08-23',19.514,1.915,19.222,0.000,251.670,0.334,28.735,0.000
'2009-08-24',36.617,31.234,20.537,0.000,257.835,5.444,30.702,0.000
'2009-08-25',60.717,47.669,21.805,0.000,261.986,8.309,32.597,0.000
'2009-08-26',59.999,27.696,23.026,0.000,261.567,4.828,34.423,0.000
'2009-08-27',41.047,7.372,24.203,0.000,260.319,1.285,36.182,0.000
'2009-08-28',27.824,0.000,24.151,0.000,258.640,0.000,36.103,0.000
'2009-08-29',23.715,0.000,23.288,0.000,257.310,0.000,34.813,0.000
'2009-08-30',23.521,0.000,23.748,0.000,257.259,0.000,35.502,0.000
'2009-08-31',35.132,21.377,24.899,0.000,260.896,3.726,37.222,0.000
'2009-09-01',37.348,2.599,26.008,0.000,258.863,0.453,38.880,0.000
'2009-09-02',26.965,0.000,25.357,0.000,256.887,0.000,37.907,0.000
'2009-09-03',24.905,0.000,24.463,0.000,255.021,0.000,36.570,0.000
'2009-09-04',24.480,0.000,24.497,0.000,254.603,0.000,36.621,0.000
'2009-09-05',24.852,0.000,25.199,0.000,254.993,0.000,37.671,0.000
'2009-09-06',24.738,0.000,24.286,0.000,253.685,0.000,36.306,0.000
'2009-09-07',23.961,0.000,23.643,0.000,251.998,0.000,35.345,0.000
'2009-09-08',23.250,0.000,22.865,0.000,250.824,0.000,34.181,0.000
'2009-09-09',22.462,0.000,22.068,0.000,249.609,0.000,32.989,0.000
'2009-09-10',22.076,0.000,22.083,0.000,249.072,0.000,33.013,0.000
'2009-09-11',21.679,0.000,21.283,0.000,247.907,0.000,31.817,0.000
'2009-09-12',20.892,0.000,20.509,0.000,246.336,0.000,30.659,0.000
'2009-09-13',20.139,0.000,19.777,0.000,245.448,0.000,29.565,0.000
'2009-09-14',19.779,0.000,19.781,0.000,244.714,0.000,29.571,0.000
'2009-09-15',29.243,17.431,21.076,0.000,249.239,3.038,31.507,0.000
'2009-09-16',48.047,35.063,22.324,0.000,254.456,6.112,33.373,0.000
'2009-09-17',61.091,41.190,23.527,0.000,257.992,7.180,35.170,0.000
'2009-09-18',78.396,67.102,24.685,0.000,263.897,11.696,36.903,0.000
'2009-09-19',77.707,38.121,25.802,0.000,262.402,6.645,38.572,0.000
'2009-09-20',52.922,15.274,26.878,0.000,260.802,2.662,40.180,0.000
'2009-09-21',34.848,0.000,27.698,0.000,259.002,0.000,41.406,0.000
'2009-09-22',27.281,0.000,26.873,0.000,257.819,0.000,40.173,0.000
'2009-09-23',26.379,0.000,25.895,0.000,256.232,0.000,38.711,0.000
'2009-09-24',25.419,0.000,24.953,0.000,254.065,0.000,37.302,0.000
'2009-09-25',24.498,0.000,24.052,0.000,252.197,0.000,35.956,0.000
'2009-09-26',23.647,0.000,23.251,0.000,250.762,0.000,34.759,0.000
'2009-09-27',22.827,0.000,22.413,0.000,249.045,0.000,33.505,0.000
'2009-09-28',22.000,0.000,21.597,0.000,247.644,0.000,32.285,0.000
'2009-09-29',21.200,0.000,20.811,0.000,246.480,0.000,31.110,0.000
'2009-09-30',20.428,0.000,20.053,0.000,244.908,0.000,29.978,0.000
'2009-10-01',19.720,0.000,19.395,0.000,243.202,0.000,28.993,0.000
'2009-10-02',19.624,0.000,19.849,0.000,243.350,0.000,29.672,0.000
'2009-10-03',22.697,4.343,21.142,0.000,245.193,0.757,31.605,0.000
'2009-10-04',25.392,2.914,22.387,0.000,246.216,0.508,33.467,0.000
'2009-10-05',23.594,0.000,21.922,0.000,245.287,0.000,32.772,0.000
'2009-10-06',21.519,0.000,21.124,0.000,243.983,0.000,31.579,0.000
'2009-10-07',20.902,0.000,20.684,0.000,243.330,0.000,30.921,0.000
'2009-10-08',20.676,0.000,20.668,0.000,243.036,0.000,30.897,0.000
'2009-10-09',20.288,0.000,19.916,0.000,241.664,0.000,29.773,0.000
'2009-10-10',19.564,0.000,19.220,0.000,239.900,0.000,28.733,0.000
'2009-10-11',19.268,0.000,19.315,0.000,239.669,0.000,28.875,0.000
'2009-10-12',19.227,0.000,19.140,0.000,239.544,0.000,28.613,0.000
'2009-10-13',24.736,9.756,20.459,0.000,243.131,1.700,30.584,0.000
'2009-10-14',29.977,8.015,21.729,0.000,244.801,1.397,32.483,0.000
'2009-10-15',35.369,17.922,22.953,0.000,248.540,3.124,34.313,0.000
'2009-10-16',32.415,0.000,24.131,0.000,247.893,0.000,36.075,0.000
'2009-10-17',23.925,0.000,23.723,0.000,247.456,0.000,35.465,0.000
'2009-10-18',23.592,0.000,23.462,0.000,246.942,0.000,35.074,0.000
'2009-10-19',23.701,0.000,23.935,0.000,247.334,0.000,35.782,0.000
'2009-10-20',24.000,0.000,24.063,0.000,247.583,0.000,35.972,0.000
'2009-10-21',23.647,0.000,23.240,0.000,246.917,0.000,34.742,0.000
'2009-10-22',22.867,0.000,22.501,0.000,245.926,0.000,33.637,0.000
'2009-10-23',22.100,0.000,21.708,0.000,244.708,0.000,32.452,0.000
'2009-10-24',79.737,113.613,22.933,0.000,265.943,19.803,34.283,0.000
'2009-10-25',117.774,75.284,24.114,0.000,265.154,13.122,36.048,0.000
'2009-10-26',83.818,43.315,25.251,0.000,263.884,7.550,37.748,0.000
'2009-10-27',59.893,25.055,26.347,0.000,263.048,4.367,39.387,0.000
'2009-10-28',42.134,5.657,27.403,0.000,261.333,0.986,40.966,0.000
'2009-10-29',30.127,0.000,27.256,0.000,260.068,0.000,40.746,0.000
'2009-10-30',35.709,15.704,28.279,0.000,263.209,2.737,42.275,0.000
'2009-10-31',37.963,2.804,29.265,0.000,262.942,0.489,43.749,0.000
'2009-11-01',30.848,0.000,29.652,0.000,263.215,0.000,44.328,0.000
'2009-11-02',48.673,36.705,30.588,0.000,268.992,6.398,45.727,0.000
'2009-11-03',66.740,34.710,31.490,0.000,270.484,6.050,47.075,0.000
'2009-11-04',57.980,17.574,32.359,0.000,270.119,3.063,48.374,0.000
'2009-11-05',59.713,36.092,33.196,0.000,273.530,6.291,49.626,0.000
'2009-11-06',89.055,74.403,34.003,0.000,279.640,12.969,50.832,0.000
'2009-11-07',94.829,46.757,34.780,0.000,279.149,8.150,51.994,0.000
'2009-11-08',73.275,29.656,35.530,0.000,278.987,5.169,53.114,0.000
'2009-11-09',56.103,10.960,36.251,0.000,278.004,1.910,54.193,0.000
'2009-11-10',55.839,27.338,36.947,0.000,279.567,4.765,55.233,0.000
'2009-11-11',64.415,26.924,37.617,0.000,280.057,4.693,56.235,0.000
'2009-11-12',88.965,74.611,38.263,0.000,285.485,13.005,57.200,0.000
'2009-11-13',103.263,54.969,38.886,0.000,285.612,9.581,58.131,0.000
'2009-11-14',81.665,30.247,39.485,0.000,284.827,5.272,59.027,0.000
'2009-11-15',59.757,9.928,40.063,0.000,283.420,1.731,59.891,0.000
'2009-11-16',47.365,4.173,40.620,0.000,282.771,0.727,60.724,0.000
'2009-11-17',51.209,16.333,41.157,0.000,284.165,2.847,61.526,0.000
'2009-11-18',55.640,12.156,41.674,0.000,284.284,2.119,62.299,0.000
'2009-11-19',47.618,0.000,41.537,0.000,283.259,0.000,62.094,0.000
'2009-11-20',40.852,0.000,40.183,0.000,281.891,0.000,60.070,0.000
'2009-11-21',39.483,0.000,38.798,0.000,280.409,0.000,58.000,0.000
'2009-11-22',38.311,0.000,37.835,0.000,279.399,0.000,56.560,0.000
'2009-11-23',37.141,0.000,36.462,0.000,278.130,0.000,54.508,0.000
'2009-11-24',36.175,0.000,35.895,0.000,276.941,0.000,53.660,0.000
'2009-11-25',35.253,0.000,34.624,0.000,275.396,0.000,51.760,0.000
'2009-11-26',34.050,0.000,33.489,0.000,274.205,0.000,50.063,0.000
'2009-11-27',33.652,0.000,33.812,0.000,274.102,0.000,50.546,0.000
'2009-11-28',33.830,0.000,33.847,0.000,274.047,0.000,50.599,0.000
'2009-11-29',33.314,0.000,32.792,0.000,273.239,0.000,49.022,0.000
'2009-11-30',32.200,0.000,31.621,0.000,272.309,0.000,47.270,0.000
'2009-12-01',31.438,0.000,31.259,0.000,271.744,0.000,46.730,0.000
'2009-12-02',30.686,0.000,30.126,0.000,269.757,0.000,45.035,0.000
'2009-12-03',29.572,0.000,29.029,0.000,267.956,0.000,43.396,0.000
'2009-12-04',28.549,0.000,28.080,0.000,266.423,0.000,41.977,0.000
'2009-12-05',27.593,0.000,27.117,0.000,264.265,0.000,40.538,0.000
'2009-12-06',27.108,0.000,27.100,0.000,263.760,0.000,40.512,0.000
'2009-12-07',26.622,0.000,26.155,0.000,262.693,0.000,39.100,0.000
'2009-12-08',26.002,0.000,25.852,0.000,261.837,0.000,38.647,0.000
'2009-12-09',25.389,0.000,24.936,0.000,260.318,0.000,37.277,0.000
'2009-12-10',24.482,0.000,24.037,0.000,258.972,0.000,35.933,0.000
'2009-12-11',23.677,0.000,23.325,0.000,258.023,0.000,34.869,0.000
'2009-12-12',22.918,0.000,22.520,0.000,256.878,0.000,33.666,0.000
'2009-12-13',22.108,0.000,21.705,0.000,255.571,0.000,32.447,0.000
'2009-12-14',21.313,0.000,20.931,0.000,253.952,0.000,31.289,0.000
'2009-12-15',20.596,0.000,20.268,0.000,252.120,0.000,30.299,0.000
'2009-12-16',19.917,0.000,19.573,0.000,250.643,0.000,29.260,0.000
'2009-12-17',19.280,0.000,18.993,0.000,249.274,0.000,28.393,0.000
'2009-12-18',40.081,40.408,20.317,0.000,257.156,7.043,30.372,0.000
'2009-12-19',88.447,93.994,21.592,0.000,268.054,16.384,32.279,0.000
'2009-12-20',98.657,59.262,22.821,0.000,267.424,10.330,34.116,0.000
'2009-12-21',81.002,55.938,24.006,0.000,269.382,9.750,35.887,0.000
'2009-12-22',66.905,28.993,25.147,0.000,268.541,5.054,37.593,0.000
'2009-12-23',44.718,9.247,26.247,0.000,267.666,1.612,39.237,0.000
'2009-12-24',30.905,0.000,26.412,0.000,266.626,0.000,39.483,0.000
'2009-12-25',53.992,53.526,27.466,0.000,274.023,9.330,41.059,0.000
'2009-12-26',91.135,72.585,28.481,0.000,277.780,12.652,42.577,0.000
'2009-12-27',107.627,84.590,29.459,0.000,281.205,14.744,44.039,0.000
'2009-12-28',97.315,50.529,30.402,0.000,280.465,8.807,45.449,0.000
'2009-12-29',68.811,25.634,31.311,0.000,279.259,4.468,46.807,0.000
'2009-12-30',47.403,5.875,32.186,0.000,277.911,1.024,48.116,0.000
'2009-12-31',34.930,0.000,31.865,0.000,276.445,0.000,47.635,0.000
'2010-01-01',31.448,0.000,31.041,0.000,274.689,0.000,46.404,0.000
'2010-01-02',30.575,0.000,30.120,0.000,273.057,0.000,45.027,0.000
'2010-01-03',29.595,0.000,29.081,0.000,270.938,0.000,43.473,0.000
'2010-01-04',28.548,0.000,28.026,0.000,268.853,0.000,41.897,0.000
'2010-01-05',27.615,0.000,27.213,0.000,266.914,0.000,40.681,0.000
'2010-01-06',26.730,0.000,26.256,0.000,265.091,0.000,39.251,0.000
'2010-01-07',25.776,0.000,25.305,0.000,263.700,0.000,37.829,0.000
'2010-01-08',24.854,0.000,24.413,0.000,262.125,0.000,36.496,0.000
'2010-01-09',23.970,0.000,23.537,0.000,260.469,0.000,35.186,0.000
'2010-01-10',23.409,0.000,23.284,0.000,259.804,0.000,34.808,0.000
'2010-01-11',23.034,0.000,22.789,0.000,259.104,0.000,34.068,0.000
'2010-01-12',22.372,0.000,21.964,0.000,257.894,0.000,32.834,0.000
'2010-01-13',21.750,0.000,21.541,0.000,256.741,0.000,32.202,0.000
'2010-01-14',21.242,0.000,20.950,0.000,255.137,0.000,31.319,0.000
'2010-01-15',20.587,0.000,20.231,0.000,253.061,0.000,30.244,0.000
'2010-01-16',19.859,0.000,19.495,0.000,251.477,0.000,29.143,0.000
'2010-01-17',19.150,0.000,18.813,0.000,250.061,0.000,28.123,0.000
'2010-01-18',18.527,0.000,18.248,0.000,248.821,0.000,27.279,0.000
'2010-01-19',17.920,0.000,17.599,0.000,247.116,0.000,26.309,0.000
'2010-01-20',17.306,0.000,17.019,0.000,245.709,0.000,25.442,0.000
'2010-01-21',16.790,0.000,16.566,0.000,243.960,0.000,24.765,0.000
'2010-01-22',16.609,0.000,16.650,0.000,242.642,0.000,24.891,0.000
'2010-01-23',16.986,0.000,17.315,0.000,242.601,0.000,25.885,0.000
'2010-01-24',17.922,0.000,18.516,0.000,243.818,0.000,27.679,0.000
'2010-01-25',18.580,0.000,18.644,0.000,243.776,0.000,27.871,0.000
'2010-01-26',18.375,0.000,18.111,0.000,242.525,0.000,27.074,0.000
'2010-01-27',18.452,0.000,18.785,0.000,242.940,0.000,28.082,0.000
'2010-01-28',24.670,10.314,20.116,0.000,245.576,1.798,30.072,0.000
'2010-01-29',25.490,0.000,20.652,0.000,244.372,0.000,30.874,0.000
'2010-01-30',20.278,0.000,19.912,0.000,242.524,0.000,29.767,0.000
'2010-01-31',19.549,0.000,19.194,0.000,241.105,0.000,28.694,0.000
'2010-02-01',18.854,0.000,18.521,0.000,239.101,0.000,27.688,0.000
'2010-02-02',18.190,0.000,17.865,0.000,237.654,0.000,26.707,0.000
'2010-02-03',17.544,0.000,17.230,0.000,236.119,0.000,25.757,0.000
'2010-02-04',16.914,0.000,16.606,0.000,234.485,0.000,24.824,0.000
'2010-02-05',16.386,0.000,16.171,0.000,233.034,0.000,24.174,0.000
'2010-02-06',17.120,0.452,17.597,0.000,234.855,0.079,26.306,0.000
'2010-02-07',17.608,0.000,17.177,0.000,234.505,0.000,25.678,0.000
'2010-02-08',16.893,0.000,16.615,0.000,233.362,0.000,24.839,0.000
'2010-02-09',17.304,0.000,17.978,0.000,234.846,0.000,26.876,0.000
'2010-02-10',17.722,0.000,17.472,0.000,234.082,0.000,26.119,0.000
'2010-02-11',17.192,0.000,16.917,0.000,232.835,0.000,25.290,0.000
'2010-02-12',16.606,0.000,16.301,0.000,231.217,0.000,24.369,0.000
'2010-02-13',16.017,0.000,15.739,0.000,229.325,0.000,23.528,0.000
'2010-02-14',16.984,1.023,17.181,0.000,230.974,0.178,25.685,0.000
'2010-02-15',17.431,0.000,16.674,0.000,229.542,0.000,24.927,0.000
'2010-02-16',16.395,0.000,16.122,0.000,228.238,0.000,24.101,0.000
'2010-02-17',15.839,0.000,15.562,0.000,227.299,0.000,23.264,0.000
'2010-02-18',15.281,0.000,15.006,0.000,225.572,0.000,22.433,0.000
'2010-02-19',14.750,0.000,14.500,0.000,223.721,0.000,21.676,0.000
'2010-02-20',14.299,0.000,14.103,0.000,222.753,0.000,21.084,0.000
'2010-02-21',14.444,0.000,14.778,0.000,223.152,0.000,22.091,0.000
'2010-02-22',14.683,0.000,14.591,0.000,222.499,0.000,21.812,0.000
'2010-02-23',36.717,42.304,16.075,0.000,233.974,7.374,24.030,0.000
'2010-02-24',50.308,24.902,17.505,0.000,234.290,4.341,26.168,0.000
'2010-02-25',47.486,33.575,18.883,0.000,238.933,5.852,28.228,0.000
'2010-02-26',60.227,47.622,20.211,0.000,244.777,8.301,30.213,0.000
'2010-02-27',56.128,23.179,21.490,0.000,243.304,4.040,32.126,0.000
'2010-02-28',35.644,4.085,22.723,0.000,241.171,0.712,33.969,0.000
'2010-03-01',24.563,0.000,22.366,0.000,239.726,0.000,33.435,0.000
'2010-03-02',22.392,0.000,22.418,0.000,239.328,0.000,33.514,0.000
'2010-03-03',22.379,0.000,22.340,0.000,239.024,0.000,33.396,0.000
'2010-03-04',21.931,0.000,21.530,0.000,237.767,0.000,32.186,0.000
'2010-03-05',21.136,0.000,20.750,0.000,236.335,0.000,31.020,0.000
'2010-03-06',23.361,3.907,22.010,0.000,238.460,0.681,32.903,0.000
'2010-03-07',24.012,0.000,22.146,0.000,237.438,0.000,33.107,0.000
'2010-03-08',21.837,0.000,21.534,0.000,235.863,0.000,32.192,0.000
'2010-03-09',21.462,0.000,21.390,0.000,235.440,0.000,31.977,0.000
'2010-03-10',33.025,21.788,22.627,0.000,241.229,3.798,33.825,0.000
'2010-03-11',50.295,32.232,23.818,0.000,245.133,5.618,35.607,0.000
'2010-03-12',45.877,10.950,24.967,0.000,243.703,1.909,37.323,0.000
'2010-03-13',30.580,0.000,25.355,0.000,242.308,0.000,37.904,0.000
'2010-03-14',33.787,15.595,26.447,0.000,246.118,2.718,39.537,0.000
'2010-03-15',34.572,0.000,27.260,0.000,243.985,0.000,40.751,0.000
'2010-03-16',26.809,0.000,26.368,0.000,242.188,0.000,39.418,0.000
'2010-03-17',26.436,0.000,26.502,0.000,241.876,0.000,39.619,0.000
'2010-03-18',26.390,0.000,26.279,0.000,241.889,0.000,39.285,0.000
'2010-03-19',25.809,0.000,25.349,0.000,240.864,0.000,37.894,0.000
'2010-03-20',25.223,0.000,25.100,0.000,240.365,0.000,37.523,0.000
'2010-03-21',24.639,0.000,24.187,0.000,238.921,0.000,36.157,0.000
'2010-03-22',24.101,0.000,24.017,0.000,238.441,0.000,35.903,0.000
'2010-03-23',23.914,0.000,23.814,0.000,237.985,0.000,35.601,0.000
'2010-03-24',23.755,0.000,23.697,0.000,237.373,0.000,35.425,0.000
'2010-03-25',23.272,0.000,22.856,0.000,234.944,0.000,34.168,0.000
'2010-03-26',22.770,0.000,22.685,0.000,234.492,0.000,33.912,0.000
'2010-03-27',22.273,0.000,21.870,0.000,233.538,0.000,32.694,0.000
'2010-03-28',21.482,0.000,21.102,0.000,231.885,0.000,31.546,0.000
'2010-03-29',20.908,0.000,20.719,0.000,231.100,0.000,30.973,0.000
'2010-03-30',24.583,6.385,21.980,0.000,233.987,1.113,32.858,0.000
'2010-03-31',25.177,0.000,22.055,0.000,233.101,0.000,32.971,0.000
'2010-04-01',21.818,0.000,21.585,0.000,232.194,0.000,32.267,0.000
'2010-04-02',21.658,0.000,21.730,0.000,231.992,0.000,32.485,0.000
'2010-04-03',22.064,0.000,22.390,0.000,232.863,0.000,33.472,0.000
'2010-04-04',22.240,0.000,22.092,0.000,232.782,0.000,33.026,0.000
'2010-04-05',43.208,40.577,23.303,0.000,242.766,7.073,34.836,0.000
'2010-04-06',68.595,48.742,24.470,0.000,247.361,8.496,36.580,0.000
'2010-04-07',86.145,73.211,25.594,0.000,254.783,12.761,38.261,0.000
'2010-04-08',128.098,130.096,26.678,0.000,266.857,22.676,39.881,0.000
'2010-04-09',152.046,119.696,27.722,0.000,270.153,20.864,41.442,0.000
'2010-04-10',127.252,78.783,28.728,0.000,269.354,13.732,42.946,0.000
'2010-04-11',144.583,151.178,29.697,0.000,281.145,26.351,44.395,0.000
'2010-04-12',161.085,111.079,30.632,0.000,281.232,19.362,45.792,0.000
'2010-04-13',130.814,88.616,31.532,0.000,281.942,15.446,47.137,0.000
'2010-04-14',132.094,111.390,32.399,0.000,286.352,19.416,48.434,0.000
'2010-04-15',128.563,80.422,33.235,0.000,286.229,14.018,49.684,0.000
'2010-04-16',110.974,74.308,34.040,0.000,287.572,12.952,50.888,0.000
'2010-04-17',95.143,47.399,34.817,0.000,286.843,8.262,52.048,0.000
'2010-04-18',70.562,23.589,35.564,0.000,285.137,4.112,53.166,0.000
'2010-04-19',83.058,70.175,36.285,0.000,289.887,12.232,54.243,0.000
'2010-04-20',91.566,40.005,36.979,0.000,288.539,6.973,55.281,0.000
