date,Qsim,Quz,Qlz,SP,SM,UZ,LZ,WC
'2009-01-01',78.547,142.979,12.909,0.000,10.000,10.000,10.000,0.000
'2009-01-02',122.309,69.725,19.522,0.000,9.925,0.939,14.021,0.000
'2009-01-03',54.013,0.000,19.319,0.000,11.018,0.000,13.875,0.000
'2009-01-04',18.610,0.000,17.913,0.000,11.157,0.000,12.865,0.000
'2009-01-05',17.258,0.000,16.614,0.000,11.928,0.000,11.932,0.000
'2009-01-06',16.059,0.000,15.512,0.000,23.912,0.000,11.141,0.000
'2009-01-07',15.102,0.000,14.697,0.000,32.268,0.000,10.555,0.000
'2009-01-08',14.336,0.000,13.980,0.000,37.195,0.000,10.040,0.000
'2009-01-09',13.572,0.000,13.171,0.000,39.152,0.000,9.460,0.000
'2009-01-10',12.733,0.000,12.302,0.000,39.632,0.000,8.835,0.000
'2009-01-11',11.893,0.000,11.491,0.000,40.049,0.000,8.253,0.000
'2009-01-12',11.088,0.000,10.690,0.000,39.985,0.000,7.678,0.000
'2009-01-13',10.434,0.000,10.181,0.000,42.088,0.000,7.312,0.000
'2009-01-14',9.818,0.000,9.460,0.000,41.916,0.000,6.794,0.000
'2009-01-15',9.177,0.000,8.899,0.000,42.632,0.000,6.391,0.000
'2009-01-16',8.703,0.000,8.510,0.000,44.469,0.000,6.112,0.000
'2009-01-17',8.798,0.000,9.082,0.000,53.015,0.000,6.523,0.000
'2009-01-18',9.039,0.000,8.997,0.000,55.595,0.000,6.462,0.000
'2009-01-19',9.476,0.000,9.948,0.000,62.218,0.000,7.145,0.000
'2009-01-20',9.762,0.000,9.579,0.000,63.078,0.000,6.880,0.000
'2009-01-21',9.241,0.000,8.908,0.000,62.593,0.000,6.398,0.000
'2009-01-22',8.623,0.000,8.343,0.000,62.436,0.000,5.992,0.000
'2009-01-23',13.642,4.511,14.348,0.000,85.430,0.061,10.305,0.000
'2009-01-24',16.254,0.000,13.688,0.000,85.187,0.000,9.831,0.000
'2009-01-25',13.320,0.000,12.957,0.000,84.776,0.000,9.306,0.000
'2009-01-26',12.504,0.000,12.057,0.000,83.835,0.000,8.660,0.000
'2009-01-27',11.684,0.000,11.316,0.000,83.077,0.000,8.127,0.000
'2009-01-28',11.478,0.000,11.637,0.000,83.940,0.000,8.357,0.000
'2009-01-29',11.827,0.000,12.015,0.000,84.747,0.000,8.629,0.000
'2009-01-30',42.886,55.531,17.752,0.000,101.094,0.748,12.750,0.000
'2009-01-31',46.551,0.000,20.230,0.000,102.424,0.000,14.529,0.000
'2009-02-01',79.353,112.199,25.369,0.000,114.542,1.511,18.220,0.000
'2009-02-02',81.227,0.000,25.752,0.000,113.498,0.000,18.495,0.000
'2009-02-03',24.871,0.000,24.004,0.000,112.203,0.000,17.240,0.000
'2009-02-04',24.209,0.000,24.410,0.000,111.483,0.000,17.532,0.000
'2009-02-05',23.603,0.000,22.809,0.000,110.053,0.000,16.381,0.000
'2009-02-06',23.823,0.000,24.822,0.000,110.628,0.000,17.827,0.000
'2009-02-07',24.487,0.000,24.157,0.000,110.082,0.000,17.349,0.000
'2009-02-08',23.881,0.000,23.610,0.000,109.589,0.000,16.957,0.000
'2009-02-09',22.890,0.000,22.181,0.000,108.695,0.000,15.931,0.000
'2009-02-10',23.375,0.000,24.550,0.000,109.670,0.000,17.632,0.000
'2009-02-11',23.889,0.000,23.237,0.000,108.731,0.000,16.689,0.000
'2009-02-12',25.343,0.000,27.416,0.000,111.195,0.000,19.690,0.000
'2009-02-13',26.745,0.000,26.084,0.000,110.324,0.000,18.734,0.000
'2009-02-14',31.900,6.831,30.796,0.000,113.392,0.092,22.118,0.000
'2009-02-15',34.097,0.000,30.621,0.000,113.588,0.000,21.992,0.000
'2009-02-16',30.225,0.000,29.835,0.000,113.392,0.000,21.428,0.000
'2009-02-17',28.934,0.000,28.047,0.000,112.676,0.000,20.143,0.000
'2009-02-18',27.059,0.000,26.087,0.000,111.303,0.000,18.736,0.000
'2009-02-19',26.391,0.000,26.691,0.000,111.043,0.000,19.170,0.000
'2009-02-20',25.966,0.000,25.252,0.000,110.411,0.000,18.136,0.000
'2009-02-21',25.042,0.000,24.836,0.000,110.064,0.000,17.837,0.000
'2009-02-22',24.098,0.000,23.372,0.000,108.890,0.000,16.786,0.000
'2009-02-23',22.642,0.000,21.923,0.000,107.795,0.000,15.745,0.000
'2009-02-24',24.295,0.000,26.630,0.000,110.052,0.000,19.126,0.000
'2009-02-25',26.461,0.000,26.295,0.000,109.796,0.000,18.885,0.000
'2009-02-26',25.474,0.000,24.666,0.000,109.046,0.000,17.715,0.000
'2009-02-27',24.604,0.000,24.542,0.000,108.913,0.000,17.626,0.000
'2009-02-28',23.997,0.000,23.461,0.000,108.201,0.000,16.849,0.000
'2009-03-01',22.970,0.000,22.488,0.000,107.136,0.000,16.151,0.000
'2009-03-02',21.965,0.000,21.451,0.000,106.210,0.000,15.406,0.000
'2009-03-03',28.762,9.460,26.501,0.000,110.139,0.127,19.033,0.000
'2009-03-04',31.482,0.000,27.072,0.000,110.604,0.000,19.443,0.000
'2009-03-05',26.125,0.000,25.192,0.000,109.719,0.000,18.093,0.000
'2009-03-06',24.452,0.000,23.723,0.000,108.249,0.000,17.038,0.000
'2009-03-07',23.610,0.000,23.498,0.000,107.780,0.000,16.876,0.000
'2009-03-08',22.646,0.000,21.807,0.000,106.093,0.000,15.662,0.000
'2009-03-09',21.634,0.000,21.464,0.000,105.584,0.000,15.416,0.000
'2009-03-10',20.767,0.000,20.080,0.000,104.213,0.000,14.422,0.000
'2009-03-11',19.421,0.000,18.772,0.000,102.879,0.000,13.482,0.000
'2009-03-12',19.251,0.000,19.723,0.000,103.502,0.000,14.165,0.000
'2009-03-13',20.444,0.000,21.154,0.000,104.611,0.000,15.193,0.000
'2009-03-14',20.646,0.000,20.145,0.000,104.449,0.000,14.468,0.000
'2009-03-15',22.596,0.000,25.009,0.000,107.618,0.000,17.961,0.000
'2009-03-16',26.107,0.000,27.187,0.000,108.852,0.000,19.526,0.000
'2009-03-17',26.685,0.000,26.189,0.000,108.364,0.000,18.809,0.000
'2009-03-18',27.133,0.000,28.063,0.000,109.841,0.000,20.155,0.000
'2009-03-19',29.718,0.000,31.348,0.000,112.005,0.000,22.514,0.000
'2009-03-20',30.408,0.000,29.482,0.000,111.590,0.000,21.174,0.000
'2009-03-21',35.040,6.567,33.946,0.000,113.976,0.088,24.380,0.000
'2009-03-22',36.874,0.000,33.290,0.000,113.648,0.000,23.909,0.000
'2009-03-23',39.237,7.615,37.477,0.000,116.146,0.103,26.916,0.000
'2009-03-24',40.188,0.000,35.360,0.000,115.239,0.000,25.396,0.000
'2009-03-25',42.446,10.026,39.396,0.000,117.472,0.135,28.294,0.000
'2009-03-26',45.661,0.000,41.957,0.000,118.171,0.000,30.134,0.000
'2009-03-27',71.284,54.649,45.512,0.000,121.583,0.736,32.687,0.000
'2009-03-28',144.988,140.318,48.808,0.000,126.626,1.890,35.054,0.000
'2009-03-29',202.960,164.717,51.864,0.000,130.128,2.219,37.249,0.000
'2009-03-30',133.781,0.000,52.254,0.000,128.874,0.000,37.529,0.000
'2009-03-31',94.195,80.431,55.059,0.000,130.162,1.083,39.543,0.000
'2009-04-01',114.434,36.043,57.659,0.000,130.762,0.485,41.411,0.000
'2009-04-02',148.157,141.707,60.069,0.000,132.904,1.909,43.142,0.000
'2009-04-03',129.706,0.000,58.744,0.000,131.469,0.000,42.190,0.000
'2009-04-04',56.781,0.000,54.849,0.000,130.267,0.000,39.392,0.000
'2009-04-05',52.850,0.000,50.883,0.000,128.365,0.000,36.544,0.000
'2009-04-06',49.026,0.000,47.197,0.000,126.399,0.000,33.897,0.000
'2009-04-07',45.828,0.000,44.480,0.000,124.868,0.000,31.946,0.000
'2009-04-08',109.569,125.807,47.851,0.000,128.526,1.695,34.367,0.000
'2009-04-09',109.719,0.000,46.763,0.000,128.032,0.000,33.585,0.000
'2009-04-10',46.864,0.000,46.964,0.000,127.212,0.000,33.729,0.000
'2009-04-11',137.184,175.865,50.154,0.000,130.910,2.369,36.021,0.000
'2009-04-12',234.357,189.456,53.111,0.000,132.878,2.552,38.145,0.000
'2009-04-13',146.938,0.000,52.778,0.000,131.290,0.000,37.905,0.000
'2009-04-14',51.386,0.000,50.015,0.000,130.145,0.000,35.921,0.000
'2009-04-15',83.430,63.350,52.983,0.000,131.202,0.853,38.052,0.000
'2009-04-16',83.038,0.000,50.255,0.000,128.956,0.000,36.093,0.000
'2009-04-17',48.433,0.000,46.639,0.000,127.280,0.000,33.496,0.000
'2009-04-18',44.945,0.000,43.278,0.000,125.767,0.000,31.082,0.000
'2009-04-19',41.829,0.000,40.402,0.000,124.129,0.000,29.017,0.000
'2009-04-20',38.925,0.000,37.471,0.000,122.320,0.000,26.912,0.000
'2009-04-21',36.872,0.000,36.281,0.000,121.121,0.000,26.057,0.000
'2009-04-22',34.948,0.000,33.636,0.000,120.204,0.000,24.158,0.000
'2009-04-23',32.477,0.000,31.336,0.000,118.601,0.000,22.505,0.000
'2009-04-24',63.393,59.293,35.665,0.000,121.469,0.799,25.615,0.000
'2009-04-25',64.345,0.000,34.202,0.000,119.806,0.000,24.564,0.000
'2009-04-26',33.077,0.000,31.969,0.000,118.478,0.000,22.960,0.000
'2009-04-27',30.805,0.000,29.658,0.000,117.275,0.000,21.301,0.000
'2009-04-28',28.619,0.000,27.595,0.000,115.472,0.000,19.819,0.000
'2009-04-29',26.866,0.000,26.149,0.000,114.379,0.000,18.780,0.000
'2009-04-30',64.263,70.934,30.857,0.000,119.737,0.955,22.161,0.000
'2009-05-01',65.575,0.000,29.916,0.000,118.810,0.000,21.486,0.000
'2009-05-02',106.515,147.588,34.349,0.000,124.899,1.988,24.669,0.000
'2009-05-03',226.539,231.996,38.458,0.000,130.250,3.125,27.621,0.000
'2009-05-04',155.348,0.000,42.009,0.000,129.542,0.000,30.171,0.000
'2009-05-05',40.793,0.000,39.595,0.000,128.323,0.000,28.437,0.000
'2009-05-06',40.469,0.000,41.331,0.000,127.775,0.000,29.684,0.000
'2009-05-07',50.704,15.002,44.931,0.000,128.040,0.202,32.270,0.000
'2009-05-08',52.946,0.000,46.066,0.000,127.573,0.000,33.085,0.000
'2009-05-09',44.460,0.000,42.879,0.000,126.238,0.000,30.796,0.000
'2009-05-10',41.342,0.000,39.829,0.000,124.257,0.000,28.605,0.000
'2009-05-11',38.711,0.000,37.610,0.000,121.949,0.000,27.012,0.000
'2009-05-12',36.672,0.000,35.748,0.000,120.580,0.000,25.674,0.000
'2009-05-13',54.444,33.098,39.755,0.000,122.439,0.446,28.552,0.000
'2009-05-14',55.042,0.000,37.504,0.000,121.236,0.000,26.936,0.000
'2009-05-15',36.159,0.000,34.833,0.000,119.640,0.000,25.018,0.000
'2009-05-16',33.939,0.000,33.059,0.000,118.625,0.000,23.743,0.000
'2009-05-17',33.978,0.000,34.883,0.000,118.700,0.000,25.053,0.000
'2009-05-18',33.839,0.000,32.811,0.000,117.442,0.000,23.565,0.000
'2009-05-19',31.781,0.000,30.768,0.000,116.196,0.000,22.097,0.000
'2009-05-20',29.637,0.000,28.525,0.000,114.884,0.000,20.487,0.000
'2009-05-21',27.477,0.000,26.445,0.000,113.757,0.000,18.993,0.000
'2009-05-22',25.474,0.000,24.518,0.000,112.624,0.000,17.609,0.000
'2009-05-23',23.617,0.000,22.730,0.000,111.150,0.000,16.325,0.000
'2009-05-24',21.901,0.000,21.085,0.000,109.806,0.000,15.144,0.000
'2009-05-25',21.830,0.000,22.563,0.000,110.200,0.000,16.205,0.000
'2009-05-26',21.758,0.000,20.965,0.000,108.795,0.000,15.057,0.000
'2009-05-27',20.212,0.000,19.470,0.000,107.136,0.000,13.984,0.000
'2009-05-28',20.339,0.000,21.195,0.000,107.666,0.000,15.223,0.000
'2009-05-29',20.693,0.000,20.198,0.000,106.867,0.000,14.506,0.000
'2009-05-30',20.868,0.000,21.527,0.000,108.144,0.000,15.461,0.000
'2009-05-31',20.846,0.000,20.176,0.000,106.888,0.000,14.490,0.000
'2009-06-01',19.437,0.000,18.710,0.000,105.333,0.000,13.438,0.000
'2009-06-02',18.023,0.000,17.346,0.000,103.100,0.000,12.458,0.000
'2009-06-03',16.709,0.000,16.082,0.000,101.404,0.000,11.550,0.000
'2009-06-04',15.491,0.000,14.910,0.000,99.965,0.000,10.708,0.000
'2009-06-05',14.867,0.000,14.825,0.000,100.036,0.000,10.647,0.000
'2009-06-06',14.331,0.000,13.844,0.000,99.269,0.000,9.943,0.000
'2009-06-07',13.452,0.000,13.066,0.000,98.732,0.000,9.384,0.000
'2009-06-08',37.100,42.038,18.727,0.000,106.852,0.566,13.450,0.000
'2009-06-09',39.354,0.000,18.273,0.000,105.979,0.000,13.123,0.000
'2009-06-10',19.195,0.000,20.103,0.000,106.897,0.000,14.438,0.000
'2009-06-11',49.247,52.692,25.252,0.000,113.168,0.710,18.136,0.000
'2009-06-12',92.890,77.582,30.024,0.000,117.668,1.045,21.564,0.000
'2009-06-13',68.880,0.000,30.750,0.000,117.498,0.000,22.085,0.000
'2009-06-14',29.624,0.000,28.515,0.000,116.497,0.000,20.479,0.000
'2009-06-15',28.902,0.000,29.284,0.000,116.267,0.000,21.032,0.000
'2009-06-16',31.074,0.000,32.836,0.000,117.499,0.000,23.583,0.000
'2009-06-17',31.643,0.000,30.469,0.000,116.577,0.000,21.883,0.000
'2009-06-18',29.373,0.000,28.293,0.000,115.111,0.000,20.320,0.000
'2009-06-19',27.283,0.000,26.288,0.000,113.606,0.000,18.880,0.000
'2009-06-20',26.678,0.000,27.062,0.000,113.451,0.000,19.436,0.000
'2009-06-21',26.096,0.000,25.144,0.000,112.001,0.000,18.059,0.000
'2009-06-22',104.906,153.518,29.925,0.000,121.589,2.068,21.492,0.000
'2009-06-23',107.600,0.000,32.922,0.000,121.571,0.000,23.645,0.000
'2009-06-24',31.724,0.000,30.544,0.000,120.119,0.000,21.937,0.000
'2009-06-25',30.566,0.000,30.587,0.000,119.648,0.000,21.968,0.000
'2009-06-26',29.464,0.000,28.358,0.000,118.509,0.000,20.367,0.000
'2009-06-27',27.316,0.000,26.291,0.000,117.369,0.000,18.882,0.000
'2009-06-28',25.325,0.000,24.374,0.000,116.426,0.000,17.506,0.000
'2009-06-29',23.528,0.000,22.694,0.000,115.162,0.000,16.299,0.000
'2009-06-30',22.135,0.000,21.584,0.000,114.497,0.000,15.502,0.000
'2009-07-01',22.493,0.000,23.387,0.000,114.917,0.000,16.797,0.000
'2009-07-02',22.976,0.000,22.571,0.000,113.997,0.000,16.210,0.000
'2009-07-03',22.076,0.000,21.589,0.000,113.043,0.000,15.505,0.000
'2009-07-04',21.020,0.000,20.460,0.000,112.172,0.000,14.694,0.000
'2009-07-05',19.712,0.000,18.975,0.000,111.024,0.000,13.628,0.000
'2009-07-06',18.461,0.000,17.956,0.000,109.366,0.000,12.896,0.000
'2009-07-07',17.297,0.000,16.647,0.000,108.212,0.000,11.956,0.000
'2009-07-08',30.267,21.631,22.047,0.000,111.844,0.291,15.834,0.000
'2009-07-09',32.180,0.000,20.858,0.000,110.459,0.000,14.980,0.000
'2009-07-10',20.092,0.000,19.337,0.000,109.276,0.000,13.888,0.000
'2009-07-11',18.745,0.000,18.161,0.000,108.318,0.000,13.044,0.000
'2009-07-12',17.511,0.000,16.871,0.000,106.873,0.000,12.117,0.000
'2009-07-13',16.444,0.000,16.023,0.000,105.721,0.000,11.508,0.000
'2009-07-14',15.437,0.000,14.860,0.000,104.420,0.000,10.673,0.000
'2009-07-15',14.508,0.000,14.162,0.000,103.422,0.000,10.171,0.000
'2009-07-16',13.642,0.000,13.130,0.000,102.077,0.000,9.430,0.000
'2009-07-17',12.683,0.000,12.242,0.000,100.795,0.000,8.792,0.000
'2009-07-18',11.866,0.000,11.495,0.000,99.482,0.000,8.256,0.000
'2009-07-19',11.073,0.000,10.657,0.000,98.285,0.000,7.654,0.000
'2009-07-20',10.364,0.000,10.074,0.000,97.543,0.000,7.235,0.000
'2009-07-21',9.807,0.000,9.544,0.000,96.810,0.000,6.855,0.000
'2009-07-22',12.424,0.000,15.259,0.000,101.742,0.000,10.959,0.000
'2009-07-23',14.848,0.000,14.443,0.000,100.997,0.000,10.373,0.000
'2009-07-24',13.913,0.000,13.390,0.000,99.681,0.000,9.617,0.000
'2009-07-25',12.898,0.000,12.414,0.000,98.398,0.000,8.916,0.000
'2009-07-26',11.958,0.000,11.509,0.000,97.008,0.000,8.266,0.000
'2009-07-27',11.087,0.000,10.670,0.000,95.487,0.000,7.663,0.000
'2009-07-28',10.283,0.000,9.901,0.000,94.232,0.000,7.111,0.000
'2009-07-29',9.540,0.000,9.184,0.000,92.786,0.000,6.596,0.000
'2009-07-30',8.846,0.000,8.514,0.000,92.019,0.000,6.115,0.000
'2009-07-31',8.201,0.000,7.894,0.000,90.684,0.000,5.669,0.000
'2009-08-01',7.606,0.000,7.322,0.000,89.645,0.000,5.259,0.000
'2009-08-02',7.053,0.000,6.788,0.000,88.249,0.000,4.875,0.000
'2009-08-03',6.541,0.000,6.297,0.000,86.992,0.000,4.523,0.000
'2009-08-04',6.066,0.000,5.838,0.000,85.843,0.000,4.193,0.000
'2009-08-05',5.625,0.000,5.416,0.000,84.885,0.000,3.890,0.000
'2009-08-06',5.434,0.000,5.452,0.000,84.365,0.000,3.916,0.000
'2009-08-07',5.397,0.000,5.344,0.000,84.155,0.000,3.838,0.000
'2009-08-08',5.468,0.000,5.591,0.000,84.343,0.000,4.015,0.000
'2009-08-09',5.464,0.000,5.340,0.000,83.771,0.000,3.835,0.000
'2009-08-10',5.147,0.000,4.957,0.000,82.778,0.000,3.560,0.000
'2009-08-11',4.886,0.000,4.815,0.000,81.840,0.000,3.458,0.000
'2009-08-12',4.639,0.000,4.464,0.000,80.898,0.000,3.206,0.000
'2009-08-13',4.494,0.000,4.524,0.000,80.307,0.000,3.249,0.000
'2009-08-14',6.133,0.000,7.717,0.000,85.524,0.000,5.542,0.000
'2009-08-15',7.441,0.000,7.168,0.000,84.442,0.000,5.148,0.000
'2009-08-16',7.658,0.000,8.139,0.000,85.571,0.000,5.846,0.000
'2009-08-17',8.420,0.000,8.698,0.000,86.372,0.000,6.247,0.000
'2009-08-18',8.434,0.000,8.174,0.000,85.576,0.000,5.871,0.000
'2009-08-19',8.142,0.000,8.110,0.000,85.253,0.000,5.825,0.000
'2009-08-20',7.893,0.000,7.679,0.000,84.706,0.000,5.515,0.000
'2009-08-21',8.158,0.000,8.629,0.000,86.139,0.000,6.197,0.000
'2009-08-22',8.321,0.000,8.017,0.000,85.370,0.000,5.758,0.000
'2009-08-23',8.764,0.000,9.499,0.000,87.317,0.000,6.822,0.000
'2009-08-24',12.178,0.000,14.816,0.000,94.776,0.000,10.641,0.000
'2009-08-25',17.260,0.000,19.666,0.000,99.624,0.000,14.125,0.000
'2009-08-26',19.393,0.000,19.124,0.000,99.248,0.000,13.735,0.000
'2009-08-27',18.421,0.000,17.730,0.000,98.010,0.000,12.734,0.000
'2009-08-28',17.079,0.000,16.437,0.000,96.436,0.000,11.805,0.000
'2009-08-29',15.843,0.000,15.257,0.000,95.172,0.000,10.958,0.000
'2009-08-30',15.403,0.000,15.547,0.000,95.327,0.000,11.166,0.000
'2009-08-31',17.791,0.000,20.000,0.000,99.512,0.000,14.364,0.000
'2009-09-01',19.265,0.000,18.542,0.000,97.644,0.000,13.317,0.000
'2009-09-02',17.863,0.000,17.195,0.000,95.858,0.000,12.350,0.000
'2009-09-03',16.579,0.000,15.972,0.000,94.194,0.000,11.471,0.000
'2009-09-04',15.881,0.000,15.791,0.000,93.944,0.000,11.341,0.000
'2009-09-05',16.063,0.000,16.331,0.000,94.580,0.000,11.729,0.000
'2009-09-06',15.733,0.000,15.145,0.000,93.333,0.000,10.877,0.000
'2009-09-07',14.716,0.000,14.295,0.000,91.878,0.000,10.266,0.000
'2009-09-08',13.812,0.000,13.337,0.000,90.819,0.000,9.579,0.000
'2009-09-09',12.865,0.000,12.401,0.000,89.700,0.000,8.906,0.000
'2009-09-10',12.356,0.000,12.312,0.000,89.403,0.000,8.842,0.000
'2009-09-11',11.861,0.000,11.418,0.000,88.347,0.000,8.201,0.000
'2009-09-12',10.999,0.000,10.586,0.000,86.915,0.000,7.603,0.000
'2009-09-13',10.204,0.000,9.829,0.000,86.062,0.000,7.059,0.000
'2009-09-14',9.810,0.000,9.792,0.000,85.603,0.000,7.033,0.000
'2009-09-15',11.600,0.000,13.380,0.000,90.885,0.000,9.610,0.000
'2009-09-16',15.609,0.000,17.804,0.000,96.693,0.000,12.787,0.000
'2009-09-17',19.531,0.000,21.231,0.000,100.407,0.000,15.248,0.000
'2009-09-18',35.716,23.681,26.297,0.000,106.388,0.319,18.887,0.000
'2009-09-19',37.383,0.000,24.981,0.000,104.856,0.000,17.941,0.000
'2009-09-20',24.066,0.000,23.165,0.000,103.271,0.000,16.637,0.000
'2009-09-21',22.366,0.000,21.578,0.000,101.530,0.000,15.498,0.000
'2009-09-22',20.897,0.000,20.227,0.000,100.358,0.000,14.527,0.000
'2009-09-23',19.484,0.000,18.752,0.000,98.818,0.000,13.468,0.000
'2009-09-24',18.064,0.000,17.385,0.000,96.833,0.000,12.486,0.000
'2009-09-25',16.751,0.000,16.127,0.000,95.115,0.000,11.583,0.000
'2009-09-26',15.576,0.000,15.034,0.000,93.820,0.000,10.797,0.000
'2009-09-27',14.486,0.000,13.946,0.000,92.257,0.000,10.016,0.000
'2009-09-28',13.434,0.000,12.930,0.000,90.944,0.000,9.286,0.000
'2009-09-29',12.455,0.000,11.987,0.000,89.819,0.000,8.609,0.000
'2009-09-30',11.547,0.000,11.113,0.000,88.411,0.000,7.982,0.000
'2009-10-01',10.741,0.000,10.374,0.000,86.918,0.000,7.451,0.000
'2009-10-02',10.561,0.000,10.745,0.000,87.324,0.000,7.717,0.000
'2009-10-03',11.663,0.000,12.568,0.000,89.627,0.000,9.026,0.000
'2009-10-04',13.114,0.000,13.652,0.000,90.924,0.000,9.805,0.000
'2009-10-05',13.162,0.000,12.680,0.000,90.028,0.000,9.107,0.000
'2009-10-06',12.214,0.000,11.756,0.000,88.793,0.000,8.443,0.000
'2009-10-07',11.491,0.000,11.230,0.000,88.234,0.000,8.066,0.000
'2009-10-08',11.189,0.000,11.149,0.000,88.103,0.000,8.007,0.000
'2009-10-09',10.739,0.000,10.336,0.000,86.846,0.000,7.423,0.000
'2009-10-10',9.971,0.000,9.611,0.000,85.311,0.000,6.903,0.000
'2009-10-11',9.640,0.000,9.669,0.000,85.302,0.000,6.944,0.000
'2009-10-12',9.568,0.000,9.469,0.000,85.209,0.000,6.801,0.000
'2009-10-13',10.788,0.000,12.087,0.000,89.231,0.000,8.681,0.000
'2009-10-14',12.732,0.000,13.367,0.000,91.081,0.000,9.600,0.000
'2009-10-15',14.887,0.000,16.384,0.000,94.993,0.000,11.767,0.000
'2009-10-16',15.783,0.000,15.190,0.000,94.266,0.000,10.910,0.000
'2009-10-17',14.895,0.000,14.605,0.000,93.837,0.000,10.489,0.000
'2009-10-18',14.403,0.000,14.205,0.000,93.385,0.000,10.202,0.000
'2009-10-19',14.416,0.000,14.624,0.000,93.810,0.000,10.503,0.000
'2009-10-20',14.641,0.000,14.659,0.000,94.084,0.000,10.528,0.000
'2009-10-21',14.150,0.000,13.650,0.000,93.381,0.000,9.803,0.000
'2009-10-22',13.207,0.000,12.771,0.000,92.404,0.000,9.172,0.000
'2009-10-23',12.317,0.000,11.869,0.000,91.233,0.000,8.524,0.000
'2009-10-24',89.752,148.821,17.617,0.000,113.761,2.005,12.653,0.000
'2009-10-25',92.438,0.000,19.575,0.000,112.753,0.000,14.059,0.000
'2009-10-26',18.856,0.000,18.148,0.000,111.360,0.000,13.034,0.000
'2009-10-27',18.105,0.000,18.062,0.000,110.326,0.000,12.972,0.000
'2009-10-28',17.428,0.000,16.803,0.000,108.530,0.000,12.068,0.000
'2009-10-29',16.333,0.000,15.871,0.000,107.162,0.000,11.398,0.000
'2009-10-30',18.218,0.000,20.529,0.000,109.786,0.000,14.744,0.000
'2009-10-31',20.238,0.000,19.952,0.000,109.334,0.000,14.330,0.000
'2009-11-01',20.004,0.000,20.055,0.000,109.351,0.000,14.404,0.000
'2009-11-02',42.774,39.936,25.207,0.000,114.208,0.538,18.104,0.000
'2009-11-03',46.667,0.000,28.475,0.000,115.114,0.000,20.451,0.000
'2009-11-04',27.964,0.000,27.461,0.000,114.477,0.000,19.723,0.000
'2009-11-05',36.415,13.157,32.073,0.000,116.962,0.177,23.035,0.000
'2009-11-06',79.585,77.063,36.349,0.000,121.491,1.038,26.106,0.000
'2009-11-07',74.397,0.000,35.982,0.000,120.702,0.000,25.842,0.000
'2009-11-08',35.563,0.000,35.151,0.000,120.102,0.000,25.246,0.000
'2009-11-09',34.099,0.000,33.063,0.000,118.932,0.000,23.746,0.000
'2009-11-10',38.664,6.912,37.267,0.000,119.655,0.093,26.765,0.000
'2009-11-11',41.613,0.000,39.088,0.000,119.555,0.000,28.073,0.000
'2009-11-12',88.063,93.435,42.852,0.000,123.379,1.259,30.776,0.000
'2009-11-13',89.860,0.000,44.147,0.000,123.001,0.000,31.706,0.000
'2009-11-14',42.787,0.000,41.448,0.000,121.996,0.000,29.768,0.000
'2009-11-15',39.997,0.000,38.568,0.000,120.442,0.000,27.700,0.000
'2009-11-16',38.291,0.000,38.019,0.000,119.490,0.000,27.305,0.000
'2009-11-17',39.566,0.000,41.089,0.000,120.248,0.000,29.510,0.000
'2009-11-18',41.060,0.000,41.031,0.000,119.968,0.000,29.468,0.000
'2009-11-19',39.534,0.000,38.060,0.000,118.779,0.000,27.335,0.000
'2009-11-20',36.778,0.000,35.515,0.000,117.370,0.000,25.507,0.000
'2009-11-21',34.267,0.000,33.038,0.000,115.829,0.000,23.728,0.000
'2009-11-22',32.140,0.000,31.256,0.000,114.728,0.000,22.448,0.000
'2009-11-23',30.111,0.000,28.984,0.000,113.399,0.000,20.817,0.000
'2009-11-24',28.439,0.000,27.902,0.000,112.155,0.000,20.039,0.000
'2009-11-25',26.901,0.000,25.916,0.000,110.606,0.000,18.613,0.000
'2009-11-26',25.046,0.000,24.190,0.000,109.403,0.000,17.374,0.000
'2009-11-27',24.303,0.000,24.414,0.000,109.274,0.000,17.535,0.000
'2009-11-28',24.339,0.000,24.264,0.000,109.145,0.000,17.427,0.000
'2009-11-29',23.488,0.000,22.723,0.000,108.281,0.000,16.320,0.000
'2009-11-30',21.902,0.000,21.094,0.000,107.318,0.000,15.150,0.000
'2009-12-01',20.818,0.000,20.546,0.000,106.779,0.000,14.756,0.000
'2009-12-02',19.794,0.000,19.054,0.000,104.913,0.000,13.685,0.000
'2009-12-03',18.354,0.000,17.665,0.000,103.218,0.000,12.687,0.000
'2009-12-04',17.080,0.000,16.504,0.000,101.814,0.000,11.853,0.000
'2009-12-05',15.933,0.000,15.371,0.000,99.882,0.000,11.039,0.000
'2009-12-06',15.360,0.000,15.351,0.000,99.511,0.000,11.025,0.000
'2009-12-07',14.811,0.000,14.279,0.000,98.491,0.000,10.255,0.000
'2009-12-08',14.119,0.000,13.961,0.000,97.793,0.000,10.027,0.000
'2009-12-09',13.462,0.000,12.970,0.000,96.382,0.000,9.315,0.000
'2009-12-10',12.498,0.000,12.034,0.000,95.142,0.000,8.643,0.000
'2009-12-11',11.679,0.000,11.330,0.000,94.265,0.000,8.137,0.000
'2009-12-12',10.937,0.000,10.550,0.000,93.198,0.000,7.577,0.000
'2009-12-13',10.165,0.000,9.785,0.000,92.013,0.000,7.028,0.000
'2009-12-14',9.434,0.000,9.088,0.000,90.600,0.000,6.527,0.000
'2009-12-15',8.804,0.000,8.524,0.000,89.074,0.000,6.122,0.000
'2009-12-16',8.232,0.000,7.944,0.000,87.837,0.000,5.706,0.000
'2009-12-17',7.716,0.000,7.490,0.000,86.708,0.000,5.380,0.000
'2009-12-18',15.398,9.626,13.558,0.000,96.118,0.130,9.737,0.000
'2009-12-19',55.136,67.413,19.183,0.000,108.014,0.908,13.778,0.000
'2009-12-20',52.692,0.000,19.308,0.000,107.183,0.000,13.867,0.000
'2009-12-21',20.977,0.000,22.621,0.000,108.931,0.000,16.247,0.000
'2009-12-22',21.819,0.000,21.029,0.000,108.018,0.000,15.103,0.000
'2009-12-23',20.343,0.000,19.668,0.000,107.052,0.000,14.126,0.000
'2009-12-24',18.998,0.000,18.339,0.000,105.918,0.000,13.171,0.000
'2009-12-25',54.194,65.883,23.615,0.000,113.200,0.887,16.961,0.000
'2009-12-26',80.653,43.436,28.507,0.000,116.302,0.585,20.474,0.000
'2009-12-27',71.025,37.078,33.043,0.000,118.882,0.499,23.732,0.000
'2009-12-28',50.570,0.000,31.319,0.000,117.960,0.000,22.494,0.000
'2009-12-29',30.279,0.000,29.255,0.000,116.620,0.000,21.011,0.000
'2009-12-30',28.187,0.000,27.136,0.000,115.191,0.000,19.489,0.000
'2009-12-31',26.273,0.000,25.423,0.000,113.708,0.000,18.259,0.000
'2010-01-01',24.723,0.000,24.033,0.000,111.939,0.000,17.260,0.000
'2010-01-02',23.292,0.000,22.562,0.000,110.292,0.000,16.204,0.000
'2010-01-03',21.771,0.000,20.993,0.000,108.260,0.000,15.077,0.000
'2010-01-04',20.224,0.000,19.468,0.000,106.280,0.000,13.982,0.000
'2010-01-05',18.883,0.000,18.308,0.000,104.445,0.000,13.149,0.000
'2010-01-06',17.656,0.000,17.015,0.000,102.690,0.000,12.220,0.000
'2010-01-07',16.392,0.000,15.779,0.000,101.349,0.000,11.333,0.000
'2010-01-08',15.217,0.000,14.664,0.000,99.894,0.000,10.531,0.000
'2010-01-09',14.132,0.000,13.609,0.000,98.364,0.000,9.774,0.000
'2010-01-10',13.451,0.000,13.296,0.000,97.781,0.000,9.549,0.000
'2010-01-11',13.006,0.000,12.720,0.000,97.111,0.000,9.135,0.000
'2010-01-12',12.255,0.000,11.797,0.000,95.993,0.000,8.473,0.000
'2010-01-13',11.570,0.000,11.346,0.000,94.997,0.000,8.149,0.000
'2010-01-14',11.034,0.000,10.726,0.000,93.650,0.000,7.704,0.000
'2010-01-15',10.355,0.000,9.990,0.000,91.875,0.000,7.175,0.000
'2010-01-16',9.623,0.000,9.262,0.000,90.455,0.000,6.652,0.000
'2010-01-17',8.936,0.000,8.614,0.000,89.220,0.000,6.187,0.000
'2010-01-18',8.357,0.000,8.104,0.000,88.173,0.000,5.821,0.000
'2010-01-19',7.814,0.000,7.528,0.000,86.708,0.000,5.407,0.000
'2010-01-20',7.281,0.000,7.037,0.000,85.546,0.000,5.054,0.000
'2010-01-21',6.856,0.000,6.678,0.000,84.205,0.000,4.796,0.000
'2010-01-22',6.747,0.000,6.815,0.000,83.445,0.000,4.895,0.000
'2010-01-23',7.140,0.000,7.460,0.000,83.900,0.000,5.358,0.000
'2010-01-24',8.024,0.000,8.579,0.000,85.543,0.000,6.162,0.000
'2010-01-25',8.643,0.000,8.706,0.000,85.743,0.000,6.253,0.000
'2010-01-26',8.455,0.000,8.208,0.000,84.722,0.000,5.895,0.000
'2010-01-27',8.529,0.000,8.845,0.000,85.527,0.000,6.353,0.000
'2010-01-28',10.205,0.000,11.544,0.000,88.949,0.000,8.291,0.000
'2010-01-29',11.175,0.000,10.812,0.000,87.905,0.000,7.765,0.000
'2010-01-30',10.421,0.000,10.035,0.000,86.327,0.000,7.207,0.000
'2010-01-31',9.670,0.000,9.311,0.000,85.134,0.000,6.687,0.000
'2010-02-01',8.981,0.000,8.656,0.000,83.504,0.000,6.217,0.000
'2010-02-02',8.347,0.000,8.042,0.000,82.305,0.000,5.776,0.000
'2010-02-03',7.753,0.000,7.469,0.000,81.060,0.000,5.364,0.000
'2010-02-04',7.196,0.000,6.927,0.000,79.756,0.000,4.975,0.000
'2010-02-05',6.746,0.000,6.568,0.000,78.672,0.000,4.717,0.000
'2010-02-06',7.216,0.000,7.854,0.000,81.007,0.000,5.641,0.000
'2010-02-07',7.642,0.000,7.432,0.000,80.727,0.000,5.338,0.000
'2010-02-08',7.188,0.000,6.947,0.000,79.794,0.000,4.989,0.000
'2010-02-09',7.554,0.000,8.152,0.000,81.757,0.000,5.855,0.000
'2010-02-10',7.920,0.000,7.692,0.000,81.104,0.000,5.524,0.000
'2010-02-11',7.446,0.000,7.204,0.000,80.072,0.000,5.174,0.000
'2010-02-12',6.939,0.000,6.678,0.000,78.751,0.000,4.797,0.000
'2010-02-13',6.447,0.000,6.218,0.000,77.247,0.000,4.466,0.000
'2010-02-14',6.903,0.000,7.578,0.000,79.522,0.000,5.443,0.000
'2010-02-15',7.301,0.000,7.029,0.000,78.334,0.000,5.048,0.000
'2010-02-16',6.794,0.000,6.563,0.000,77.240,0.000,4.714,0.000
'2010-02-17',6.334,0.000,6.108,0.000,76.441,0.000,4.387,0.000
'2010-02-18',5.888,0.000,5.671,0.000,75.069,0.000,4.073,0.000
'2010-02-19',5.479,0.000,5.290,0.000,73.645,0.000,3.799,0.000
'2010-02-20',5.148,0.000,5.008,0.000,72.906,0.000,3.597,0.000
'2010-02-21',5.289,0.000,5.567,0.000,73.889,0.000,3.998,0.000
'2010-02-22',5.503,0.000,5.440,0.000,73.501,0.000,3.907,0.000
'2010-02-23',8.555,0.000,11.622,0.000,86.728,0.000,8.347,0.000
'2010-02-24',11.694,0.000,11.764,0.000,87.121,0.000,8.449,0.000
'2010-02-25',13.518,0.000,15.245,0.000,91.955,0.000,10.949,0.000
'2010-02-26',17.678,0.000,20.073,0.000,97.788,0.000,14.417,0.000
'2010-02-27',19.405,0.000,18.747,0.000,96.340,0.000,13.464,0.000
'2010-02-28',18.070,0.000,17.403,0.000,94.311,0.000,12.499,0.000
'2010-03-01',16.770,0.000,16.147,0.000,92.933,0.000,11.597,0.000
'2010-03-02',16.049,0.000,15.952,0.000,92.609,0.000,11.457,0.000
'2010-03-03',15.785,0.000,15.621,0.000,92.309,0.000,11.219,0.000
'2010-03-04',15.049,0.000,14.486,0.000,91.077,0.000,10.404,0.000
'2010-03-05',13.956,0.000,13.434,0.000,89.733,0.000,9.649,0.000
'2010-03-06',14.352,0.000,15.256,0.000,91.988,0.000,10.957,0.000
'2010-03-07',14.977,0.000,14.702,0.000,91.085,0.000,10.559,0.000
'2010-03-08',14.270,0.000,13.845,0.000,89.646,0.000,9.943,0.000
'2010-03-09',13.684,0.000,13.527,0.000,89.286,0.000,9.715,0.000
'2010-03-10',15.875,0.000,18.187,0.000,95.241,0.000,13.062,0.000
'2010-03-11',20.111,0.000,22.005,0.000,98.967,0.000,15.804,0.000
'2010-03-12',21.211,0.000,20.429,0.000,97.532,0.000,14.672,0.000
'2010-03-13',19.720,0.000,19.021,0.000,96.127,0.000,13.661,0.000
'2010-03-14',20.929,0.000,22.808,0.000,99.805,0.000,16.380,0.000
'2010-03-15',21.984,0.000,21.174,0.000,97.761,0.000,15.207,0.000
'2010-03-16',20.458,0.000,19.753,0.000,96.034,0.000,14.187,0.000
'2010-03-17',19.685,0.000,19.617,0.000,95.696,0.000,14.089,0.000
'2010-03-18',19.340,0.000,19.067,0.000,95.604,0.000,13.694,0.000
'2010-03-19',18.382,0.000,17.707,0.000,94.541,0.000,12.717,0.000
'2010-03-20',17.453,0.000,17.202,0.000,94.009,0.000,12.355,0.000
'2010-03-21',16.570,0.000,15.948,0.000,92.583,0.000,11.454,0.000
'2010-03-22',15.767,0.000,15.588,0.000,92.137,0.000,11.196,0.000
'2010-03-23',15.396,0.000,15.206,0.000,91.718,0.000,10.921,0.000
'2010-03-24',15.069,0.000,14.934,0.000,91.236,0.000,10.726,0.000
'2010-03-25',14.397,0.000,13.869,0.000,89.064,0.000,9.961,0.000
'2010-03-26',13.717,0.000,13.567,0.000,88.650,0.000,9.744,0.000
'2010-03-27',13.074,0.000,12.589,0.000,87.742,0.000,9.042,0.000
'2010-03-28',12.142,0.000,11.701,0.000,86.214,0.000,8.404,0.000
'2010-03-29',11.470,0.000,11.243,0.000,85.557,0.000,8.074,0.000
'2010-03-30',12.344,0.000,13.429,0.000,88.671,0.000,9.645,0.000
'2010-03-31',13.021,0.000,12.619,0.000,87.807,0.000,9.063,0.000
'2010-04-01',12.332,0.000,12.050,0.000,86.982,0.000,8.654,0.000
'2010-04-02',12.095,0.000,12.140,0.000,86.936,0.000,8.719,0.000
'2010-04-03',12.455,0.000,12.766,0.000,87.855,0.000,9.168,0.000
'2010-04-04',12.572,0.000,12.381,0.000,87.805,0.000,8.892,0.000
'2010-04-05',25.816,20.953,18.092,0.000,97.947,0.282,12.994,0.000
'2010-04-06',30.936,0.000,22.952,0.000,102.095,0.000,16.484,0.000
'2010-04-07',42.661,34.175,27.892,0.000,108.569,0.460,20.032,0.000
'2010-04-08',117.218,139.049,32.473,0.000,118.314,1.873,23.322,0.000
'2010-04-09',125.709,43.881,36.719,0.000,120.147,0.591,26.372,0.000
'2010-04-10',57.754,0.000,35.260,0.000,119.065,0.000,25.324,0.000
'2010-04-11',137.191,198.253,39.303,0.000,126.954,2.670,28.228,0.000
'2010-04-12',139.264,0.000,42.482,0.000,126.367,0.000,30.511,0.000
'2010-04-13',43.188,0.000,43.883,0.000,126.066,0.000,31.517,0.000
'2010-04-14',87.752,83.649,47.298,0.000,128.001,1.127,33.970,0.000
'2010-04-15',89.014,0.000,47.725,0.000,127.226,0.000,34.276,0.000
'2010-04-16',49.296,0.000,50.842,0.000,127.386,0.000,36.515,0.000
'2010-04-17',49.563,0.000,48.304,0.000,126.221,0.000,34.692,0.000
'2010-04-18',46.691,0.000,45.102,0.000,124.308,0.000,32.392,0.000
'2010-04-19',95.789,97.269,48.428,0.000,126.932,1.310,34.781,0.000
'2010-04-20',95.825,0.000,46.719,0.000,125.403,0.000,33.554,0.000
