3.129905880000000025e+02
3.735923259999999857e+00
9.026876019999999778e-01
7.456913349999999552e-02
4.838616250000000174e-01
5.642500600000000151e-03
3.925492750000000169e-02
4.999759759999999886e-01
1.285068179999999893e+00
9.431944599999999923e+01
3.985933079999999795e-01
3.730464830000000234e+02
4.912886190000000042e+00
6.836555600000000510e-01
4.471069469999999768e-02
5.215442540000000265e-02
5.706552909999999985e-03
1.702846969999999988e-02
6.835282249999999893e-01
9.366223080000000145e-01
2.565971289999999883e+01
2.595919250000000011e-01
4.269962409999999977e+02
4.978870149999999661e+00
1.028591500000000103e+00
4.131040679999999771e-02
4.573587630000000015e-01
5.858649629999999713e-03
3.928098000000000006e-02
4.100599580000000022e-01
9.663136199999999842e-01
9.399631639999999777e+01
3.513573539999999967e-02
3.077126700000000028e+02
3.183821519999999961e+00
1.041264669999999892e+00
1.133615909999999977e-02
4.406481640000000088e-01
1.777441839999999943e-03
3.133607089999999873e-02
4.088665519999999942e-01
9.360850200000000454e-01
1.042252620000000007e+01
4.632162510000000233e-01
4.730191859999999906e+02
2.814453560000000021e+00
9.408348789999999573e-01
6.721458909999999953e-02
3.829018149999999787e-01
5.871184689999999623e-03
3.710134460000000245e-02
6.853304510000000072e-01
1.048818679999999892e+00
2.795414050000000206e+00
2.078759200000000057e-02
3.401775170000000230e+02
4.334470490000000176e+00
9.665768310000000252e-01
5.296979040000000111e-02
4.459121999999999808e-01
4.882451020000000246e-03
1.840158479999999888e-02
5.857750489999999921e-01
1.095864060000000029e+00
5.213393740000000065e+01
6.291542310000000290e-03
3.297070560000000228e+02
4.069611899999999949e+00
1.235826459999999960e+00
1.807854089999999872e-02
4.235065909999999878e-01
4.410663849999999636e-03
1.776309640000000092e-02
5.705148340000000262e-01
9.319591270000000538e-01
5.097295029999999727e+00
5.632613189999999964e-02
4.137941369999999779e+02
4.432991819999999805e+00
8.763986750000000159e-01
6.299548650000000305e-02
4.503444099999999728e-01
5.543464619999999808e-03
2.144889359999999946e-03
3.912944320000000253e-01
9.465618900000000169e-01
1.556576740000000036e+01
2.206384989999999879e-01
4.856116480000000024e+02
4.085536570000000367e+00
1.152491960000000093e+00
1.568018839999999955e-02
3.829579359999999988e-01
1.478593899999999925e-03
1.115067030000000065e-03
3.958194230000000036e-01
1.046668190000000109e+00
7.627926770000000545e+01
2.323243839999999949e-01
3.700789020000000278e+02
4.630116430000000172e+00
1.241160690000000066e+00
1.170174170000000055e-02
3.951984350000000146e-01
1.546280360000000000e-03
2.393157129999999924e-02
4.317772309999999836e-01
9.301271079999999802e-01
7.570004439999999590e+01
3.778168560000000342e-02
4.104506119999999783e+02
3.107963840000000033e+00
7.414568040000000249e-01
7.715574880000000690e-02
5.457627659999999548e-01
5.938579910000000087e-03
3.587022549999999838e-02
4.108861939999999824e-01
1.269542809999999911e+00
3.349566129999999919e+00
8.573600570000000642e-02
4.417259910000000218e+02
4.383622349999999557e+00
1.163273240000000097e+00
1.418640369999999915e-02
4.825977029999999890e-01
5.767608760000000022e-03
1.990927350000000137e-02
3.925484940000000256e-01
9.325320470000000306e-01
5.710322139999999713e+00
1.474985879999999965e-02
3.711668450000000234e+02
4.828073869999999879e+00
1.205046910000000082e+00
1.112414240000000019e-02
4.376823249999999832e-01
1.497053190000000034e-03
2.751736860000000146e-02
4.030504089999999984e-01
9.506239419999999996e-01
7.197446619999999484e+01
4.010298279999999771e-01
4.374390270000000100e+02
3.679463319999999982e+00
6.629617629999999817e-01
2.911712129999999982e-02
3.722060990000000125e-01
5.797473350000000372e-03
3.515651250000000061e-02
4.080569580000000252e-01
1.291196629999999956e+00
4.385662779999999827e+01
9.123088490000000328e-03
5.233429930000000133e-03
3.329763520000000199e+02
3.517219710000000221e-01
6.190495199999999920e-03
3.005920389999999776e-01
3.089115170000000243e-01
7.143735449999999952e-03
1.138261999999999954e-02
2.891433829999999761e-01
2.662527310000000202e-01
9.014181030000000261e-01
1.026166939999999972e+00
6.218353629999999743e-01
1.720670460000000013e-01
5.000000000000000000e-01
1.000000000000000000e+00
