15.999737471905252
16.105716234887431
17.947809230275304
16.147752064149291
15.991427126788327
16.687542227378565
17.125139229445359
19.39645340792385
16.837044960487795
15.804473320190725
16.018569387471025
16.600876724289019
16.161306985203151
17.338636901595873
18.477371969176406
17.897236722220281
16.626465201654593
16.196548622931672
16.013794215070927
16.30367884232831
17.182106070966608
18.984566931768452
16.885737663740024
16.088051117522948
15.790480003140173
18.160947973898388
18.318158853376037
